subject_nr,response_correct,Typicality,group,exemplar_de,MAD,AUC,RT,acc_max_time,xpos_flips,RT_zscore,output_entropy,midpoint_entropy,output_rank_correct,midpoint_rank_correct,output_logprob_correct,midpoint_logprob_correct,output_logprobdiff,midpoint_logprobdiff,auc_entropy,layer_biggest_change_entropy,twostage_magnitude,twostage_magnitude_latter34,twostage_layer,auc_rank_correct,layer_biggest_change_rank_correct,auc_logprob_correct,layer_biggest_change_logprob_correct,auc_logprobdiff_pos,auc_logprobdiff_neg,layer_biggest_change_logprobdiff,auc_boosting_pos,auc_boosting_neg,layer_argmax_boosting
1001,0,Atypical,touch,Fledermaus,283.482072610228,84491.5,930,700,2,0.0652985433610459,4.906,7.652,0.0018656716417910447,0.00028538812785388126,-8.734,-10.266,-5.031000000000001,-2.3259999999999996,165.516,16.0,0.0,0.0,1.0,0.013391970707803893,20.0,246.002,0.0,0.0,71.10400000000001,4.0,33.0876255149752,94.95394459707009,11.0
1001,0,Atypical,touch,Seeloewe,405.65119995542,285116.5,890,700,2,-0.17215070522457557,4.348,7.875,0.05263157894736842,0.0005339028296849973,-5.105,-9.414,-2.9530000000000003,-0.4339999999999993,149.56099999999998,17.0,3.7669999999999995,3.7669999999999995,1.0,0.17601902325040447,20.0,221.144,0.0,0.0,42.194,21.0,46.43150387400727,85.84442051756527,20.0
1001,0,Atypical,touch,Wal,29.4298445409213,13498.0,760,620,0,-0.9438607631278454,4.02,7.723,0.125,0.0005310674455655868,-4.82,-9.46,-3.5730000000000004,-0.5150000000000006,146.208,17.0,3.4582999999999995,3.4582999999999995,1.0,0.30788095004842325,22.0,217.32299999999998,0.0,0.0600000000000005,42.3699,21.0,39.597979746446654,83.76453221196577,20.0
1001,1,Typical,touch,Alligator,228.475464425773,105125.0,770,710,3,-0.88449845098144,4.45,7.72,1.0,0.0001318217769575534,-1.651,-11.46,3.199,-1.7800000000000011,145.1859,16.0,5.68,2.790000000000001,0.7916666666666666,2.046305650511986,22.0,255.92399999999998,4.0,14.643,48.59700000000001,18.0,75.12180909347863,53.99820243997104,18.0
1001,1,Typical,touch,Chamaeleon,82.8440301066844,20455.0,1020,820,1,0.5995593526786942,5.184,7.64,0.14285714285714285,0.00013747594171020073,-3.97,-11.42,-2.133,-3.9699999999999998,151.466,17.0,3.0470000000000015,2.112000000000001,1.0,0.32327882020439247,22.0,270.342,7.0,0.0,82.36999999999999,22.0,37.45162754661942,87.97747993854695,5.0
1001,1,Typical,touch,Falke,401.939878697621,223083.0,951,701,2,0.1899593988684972,4.1,7.598,1.0,0.005917159763313609,-1.225,-7.05,6.791,5.500000000000001,140.834,17.0,0.0,0.0,0.041666666666666664,6.282913899443543,17.0,142.54299999999998,17.0,169.77300000000002,0.0,17.0,155.26518118772736,52.5185607843192,18.0
1001,1,Typical,touch,Goldfisch,-22.5841805392042,-2794.5,810,710,0,-0.6470492023958185,2.568,7.555,1.0,0.001451378809869376,-0.4539,-8.414,6.0731,3.2859999999999996,137.4658,17.0,0.3800000000000008,0.0,0.08333333333333333,5.254619675872444,18.0,162.2903,18.0,83.28269999999999,0.3800000000000008,19.0,130.99429335067194,65.66149375924455,19.0
1001,1,Typical,touch,Hai,850.023408209874,281298.5,1050,980,1,0.7776462891179103,3.463,7.656,0.5,0.0010214504596527069,-1.455,-8.75,6.6850000000000005,1.0549999999999997,146.10299999999998,17.0,0.0,0.0,0.041666666666666664,3.5044191848582944,19.0,170.33700000000002,18.0,66.883,0.0,19.0,115.92960434836164,32.52035186190416,19.0
1001,1,Typical,touch,Hund,158.121532077309,70230.0,832,542,3,-0.5164521156737267,4.71,7.824,0.07142857142857142,0.0003957261574990107,-4.895,-9.766,1.2930000000000001,-0.8559999999999999,145.851,16.0,0.9599999999999991,0.9599999999999991,0.75,0.2733185827431956,19.0,224.609,0.0,16.677,5.531000000000001,16.0,60.38654795132443,41.35746029182099,16.0
1001,1,Typical,touch,Kaninchen,-39.2102324520242,-16216.5,1040,630,0,0.718283976971505,5.434,7.836,0.07142857142857142,0.0005599104143337066,-4.344,-9.39,0.8319999999999999,2.51,142.117,16.0,0.0,0.0,0.041666666666666664,0.22004211053077194,22.0,223.166,0.0,67.84799999999998,0.0,0.0,66.49600405715856,42.205436002072055,1.0
1001,1,Typical,touch,Katze,47.7533175240907,16458.5,700,620,2,-1.3000346360062776,5.355,7.812,0.1111111111111111,0.0004655493482309125,-4.63,-9.59,-0.06400000000000006,2.75,149.12400000000002,17.0,0.0,0.0,1.0,0.27924582434778517,22.0,223.119,0.0,61.901999999999994,0.06400000000000006,15.0,64.76828807422034,43.08931947855524,1.0
1001,1,Typical,touch,Klapperschlange,44.7348371402487,13947.0,1251,1221,1,1.9708287632606583,4.68,7.582,0.14285714285714285,9.127418765972983e-05,-4.254,-12.266,1.883,-0.5960000000000001,159.38500000000002,17.0,6.5600000000000005,1.8800000000000008,0.7916666666666666,0.3341395210556347,22.0,272.101,17.0,8.696000000000002,39.196,19.0,57.67892111225579,46.71186066420429,19.0
1001,1,Typical,touch,Lachs,30.8148912398518,-2242.0,830,700,0,-0.5283245781030078,3.541,7.77,1.0,0.0009478672985781991,-1.035,-8.805,10.285,1.1550000000000011,144.0922,18.0,0.0,0.0,0.041666666666666664,6.089705803380613,17.0,161.35778,17.0,101.29222,0.0,18.0,183.51630680482114,40.1096654152545,18.0
1001,1,Typical,touch,Loewe,422.613346183658,182277.5,1264,620,2,2.0479997690509855,5.51,7.688,0.05,0.0002795638803466592,-5.027,-10.305,0.21499999999999986,-1.2889999999999997,152.458,17.0,2.63,2.63,0.9166666666666666,0.19016061941084472,20.0,230.844,0.0,0.8309999999999995,34.827,20.0,64.0926005884869,40.3879506035535,20.0
1001,1,Typical,touch,Pferd,47.8291181581473,12518.5,730,660,0,-1.1219476995670614,4.496,7.67,0.022727272727272728,0.0003792188092529389,-6.055,-9.88,-0.12099999999999955,-2.243000000000001,147.17399999999998,17.0,3.4650000000000007,2.479000000000001,1.0,0.11968439300255372,20.0,227.091,0.0,0.3200000000000003,35.980000000000004,4.0,48.46719800578261,39.341101111093735,20.0
1001,1,Typical,touch,Spatz,584.663100542745,295996.5,914,694,1,-0.029681156073202684,4.57,7.566,1.0,0.0055248618784530384,-1.347,-7.027,8.363000000000001,2.9330000000000007,144.0912,17.0,0.0,0.0,0.041666666666666664,6.366632781654495,17.0,141.23298,17.0,117.94501999999999,0.0,17.0,126.0473080182301,32.63877843707358,18.0
1001,1,Atypical,touch,Aal,82.5331947431016,40169.5,950,500,3,0.18402316765385665,4.24,7.477,1.0,0.0019011406844106464,-1.614,-8.125,5.753,3.359,144.142,17.0,0.0,0.0,0.041666666666666664,5.350612693200015,18.0,165.81730000000002,18.0,117.51970000000001,0.0,19.0,143.91418385457848,60.76871534313391,19.0
1001,1,Atypical,touch,Pinguin,670.213250231614,308376.0,1079,749,2,0.9497969943424859,3.906,7.797,1.0,0.00510204081632653,-1.1875,-7.18,1.3624999999999998,1.5999999999999996,145.61399999999998,17.0,0.0,0.0,0.041666666666666664,5.679021674422119,18.0,146.9875,17.0,33.1655,0.0,17.0,55.065940584902386,33.47984880766462,18.0
1001,1,Atypical,touch,Schmetterling,138.948626804441,74084.0,690,660,0,-1.359396948152683,4.43,7.85,0.3333333333333333,0.002136752136752137,-2.312,-7.945,1.411,-0.47500000000000053,158.62099999999998,17.0,4.65,2.465,0.75,5.691326469022061,17.0,179.6365,16.0,10.327499999999999,28.194,4.0,82.81711961061038,45.56419321270815,20.0
1002,1,Typical,click,Alligator,736.983432387016,381547.0,1582,660,1,0.0015558899629409275,4.45,7.72,1.0,0.0001318217769575534,-1.651,-11.46,3.199,-1.7800000000000011,145.1859,16.0,5.68,2.790000000000001,0.7916666666666666,2.046305650511986,22.0,255.92399999999998,4.0,14.643,48.59700000000001,18.0,75.12180909347863,53.99820243997104,18.0
1002,1,Typical,click,Chamaeleon,-40.0365608812799,-6971.5,1501,1020,0,-0.1314727018684966,5.184,7.64,0.14285714285714285,0.00013747594171020073,-3.97,-11.42,-2.133,-3.9699999999999998,151.466,17.0,3.0470000000000015,2.112000000000001,1.0,0.32327882020439247,22.0,270.342,7.0,0.0,82.36999999999999,22.0,37.45162754661942,87.97747993854695,5.0
1002,1,Typical,click,Falke,148.751588624817,109021.5,1174,830,1,-0.6685140540768926,4.1,7.598,1.0,0.005917159763313609,-1.225,-7.05,6.791,5.500000000000001,140.834,17.0,0.0,0.0,0.041666666666666664,6.282913899443543,17.0,142.54299999999998,17.0,169.77300000000002,0.0,17.0,155.26518118772736,52.5185607843192,18.0
1002,1,Typical,click,Goldfisch,261.278669543925,139278.5,2718,1030,3,1.8672408321914968,2.568,7.555,1.0,0.001451378809869376,-0.4539,-8.414,6.0731,3.2859999999999996,137.4658,17.0,0.3800000000000008,0.0,0.08333333333333333,5.254619675872444,18.0,162.2903,18.0,83.28269999999999,0.3800000000000008,19.0,130.99429335067194,65.66149375924455,19.0
1002,1,Typical,click,Hai,399.653048441117,176368.5,2813,2324,2,2.0232620201419484,3.463,7.656,0.5,0.0010214504596527069,-1.455,-8.75,6.6850000000000005,1.0549999999999997,146.10299999999998,17.0,0.0,0.0,0.041666666666666664,3.5044191848582944,19.0,170.33700000000002,18.0,66.883,0.0,19.0,115.92960434836164,32.52035186190416,19.0
1002,1,Typical,click,Hund,166.769627751408,116738.0,1269,940,1,-0.5124928661264412,4.71,7.824,0.07142857142857142,0.0003957261574990107,-4.895,-9.766,1.2930000000000001,-0.8559999999999999,145.851,16.0,0.9599999999999991,0.9599999999999991,0.75,0.2733185827431956,19.0,224.609,0.0,16.677,5.531000000000001,16.0,60.38654795132443,41.35746029182099,16.0
1002,1,Typical,click,Kaninchen,84.8354203805969,45885.5,942,590,2,-1.049534218334837,5.434,7.836,0.07142857142857142,0.0005599104143337066,-4.344,-9.39,0.8319999999999999,2.51,142.117,16.0,0.0,0.0,0.041666666666666664,0.22004211053077194,22.0,223.166,0.0,67.84799999999998,0.0,0.0,66.49600405715856,42.205436002072055,1.0
1002,1,Typical,click,Katze,151.534310103493,95576.0,1285,988,1,-0.48621561341899666,5.355,7.812,0.1111111111111111,0.0004655493482309125,-4.63,-9.59,-0.06400000000000006,2.75,149.12400000000002,17.0,0.0,0.0,1.0,0.27924582434778517,22.0,223.119,0.0,61.901999999999994,0.06400000000000006,15.0,64.76828807422034,43.08931947855524,1.0
1002,1,Typical,click,Klapperschlange,60.590226405188,19300.5,2477,1500,1,1.471439713285615,4.68,7.582,0.14285714285714285,9.127418765972983e-05,-4.254,-12.266,1.883,-0.5960000000000001,159.38500000000002,17.0,6.5600000000000005,1.8800000000000008,0.7916666666666666,0.3341395210556347,22.0,272.101,17.0,8.696000000000002,39.196,19.0,57.67892111225579,46.71186066420429,19.0
1002,1,Typical,click,Lachs,172.013850253512,124654.5,1662,910,1,0.13294215350016317,3.541,7.77,1.0,0.0009478672985781991,-1.035,-8.805,10.285,1.1550000000000011,144.0922,18.0,0.0,0.0,0.041666666666666664,6.089705803380613,17.0,161.35778,17.0,101.29222,0.0,18.0,183.51630680482114,40.1096654152545,18.0
1002,1,Typical,click,Loewe,-125.103660827114,-44729.0,981,620,0,-0.9854834148604412,5.51,7.688,0.05,0.0002795638803466592,-5.027,-10.305,0.21499999999999986,-1.2889999999999997,152.458,17.0,2.63,2.63,0.9166666666666666,0.19016061941084472,20.0,230.844,0.0,0.8309999999999995,34.827,20.0,64.0926005884869,40.3879506035535,20.0
1002,1,Typical,click,Pferd,87.8621231820173,46665.0,967,671,0,-1.008476010979455,4.496,7.67,0.022727272727272728,0.0003792188092529389,-6.055,-9.88,-0.12099999999999955,-2.243000000000001,147.17399999999998,17.0,3.4650000000000007,2.479000000000001,1.0,0.11968439300255372,20.0,227.091,0.0,0.3200000000000003,35.980000000000004,4.0,48.46719800578261,39.341101111093735,20.0
1002,1,Typical,click,Spatz,142.892940347149,96988.5,933,660,1,-1.0643151729827747,4.57,7.566,1.0,0.0055248618784530384,-1.347,-7.027,8.363000000000001,2.9330000000000007,144.0912,17.0,0.0,0.0,0.041666666666666664,6.366632781654495,17.0,141.23298,17.0,117.94501999999999,0.0,17.0,126.0473080182301,32.63877843707358,18.0
1002,1,Atypical,click,Aal,52.8844864700793,17188.5,1605,1604,0,0.03932944072989233,4.24,7.477,1.0,0.0019011406844106464,-1.614,-8.125,5.753,3.359,144.142,17.0,0.0,0.0,0.041666666666666664,5.350612693200015,18.0,165.81730000000002,18.0,117.51970000000001,0.0,19.0,143.91418385457848,60.76871534313391,19.0
1002,1,Atypical,click,Fledermaus,26.5121976136324,4862.0,2229,1885,0,1.0641422963202258,4.906,7.652,0.0018656716417910447,0.00028538812785388126,-8.734,-10.266,-5.031000000000001,-2.3259999999999996,165.516,16.0,0.0,0.0,1.0,0.013391970707803893,20.0,246.002,0.0,0.0,71.10400000000001,4.0,33.0876255149752,94.95394459707009,11.0
1002,1,Atypical,click,Pinguin,-74.6085122151169,-52055.5,1245,780,0,-0.5519087451876078,3.906,7.797,1.0,0.00510204081632653,-1.1875,-7.18,1.3624999999999998,1.5999999999999996,145.61399999999998,17.0,0.0,0.0,0.041666666666666664,5.679021674422119,18.0,146.9875,17.0,33.1655,0.0,17.0,55.065940584902386,33.47984880766462,18.0
1002,1,Atypical,click,Schmetterling,835.206426959075,429031.0,1726,1420,1,0.23805116432994097,4.43,7.85,0.3333333333333333,0.002136752136752137,-2.312,-7.945,1.411,-0.47500000000000053,158.62099999999998,17.0,4.65,2.465,0.75,5.691326469022061,17.0,179.6365,16.0,10.327499999999999,28.194,4.0,82.81711961061038,45.56419321270815,20.0
1002,1,Atypical,click,Seeloewe,85.8644940423782,59595.5,941,660,0,-1.0511765466290524,4.348,7.875,0.05263157894736842,0.0005339028296849973,-5.105,-9.414,-2.9530000000000003,-0.4339999999999993,149.56099999999998,17.0,3.7669999999999995,3.7669999999999995,1.0,0.17601902325040447,20.0,221.144,0.0,0.0,42.194,21.0,46.43150387400727,85.84442051756527,20.0
1002,1,Atypical,click,Wal,66.5654910625133,42404.0,1990,1093,1,0.6716258340027744,4.02,7.723,0.125,0.0005310674455655868,-4.82,-9.46,-3.5730000000000004,-0.5150000000000006,146.208,17.0,3.4582999999999995,3.4582999999999995,1.0,0.30788095004842325,22.0,217.32299999999998,0.0,0.0600000000000005,42.3699,21.0,39.597979746446654,83.76453221196577,20.0
1003,0,Typical,click,Hai,632.510913981684,153389.5,28638,15157,3,3.8635812272394423,3.463,7.656,0.5,0.0010214504596527069,-1.455,-8.75,6.6850000000000005,1.0549999999999997,146.10299999999998,17.0,0.0,0.0,0.041666666666666664,3.5044191848582944,19.0,170.33700000000002,18.0,66.883,0.0,19.0,115.92960434836164,32.52035186190416,19.0
1003,0,Atypical,click,Fledermaus,-48.4959952011274,-23961.0,3701,2100,1,-0.19172273886120275,4.906,7.652,0.0018656716417910447,0.00028538812785388126,-8.734,-10.266,-5.031000000000001,-2.3259999999999996,165.516,16.0,0.0,0.0,1.0,0.013391970707803893,20.0,246.002,0.0,0.0,71.10400000000001,4.0,33.0876255149752,94.95394459707009,11.0
1003,1,Typical,click,Alligator,-44.4677876336854,-27192.0,3054,1620,0,-0.2969391508621298,4.45,7.72,1.0,0.0001318217769575534,-1.651,-11.46,3.199,-1.7800000000000011,145.1859,16.0,5.68,2.790000000000001,0.7916666666666666,2.046305650511986,22.0,255.92399999999998,4.0,14.643,48.59700000000001,18.0,75.12180909347863,53.99820243997104,18.0
1003,1,Typical,click,Chamaeleon,-63.3144886428892,-4491.5,3006,1590,1,-0.30474500523005016,5.184,7.64,0.14285714285714285,0.00013747594171020073,-3.97,-11.42,-2.133,-3.9699999999999998,151.466,17.0,3.0470000000000015,2.112000000000001,1.0,0.32327882020439247,22.0,270.342,7.0,0.0,82.36999999999999,22.0,37.45162754661942,87.97747993854695,5.0
1003,1,Typical,click,Falke,77.0833262245869,-19137.5,5789,3452,0,0.1478319261433346,4.1,7.598,1.0,0.005917159763313609,-1.225,-7.05,6.791,5.500000000000001,140.834,17.0,0.0,0.0,0.041666666666666664,6.282913899443543,17.0,142.54299999999998,17.0,169.77300000000002,0.0,17.0,155.26518118772736,52.5185607843192,18.0
1003,1,Typical,click,Goldfisch,-37.3010202589808,-10199.5,1270,830,0,-0.5870567382031713,2.568,7.555,1.0,0.001451378809869376,-0.4539,-8.414,6.0731,3.2859999999999996,137.4658,17.0,0.3800000000000008,0.0,0.08333333333333333,5.254619675872444,18.0,162.2903,18.0,83.28269999999999,0.3800000000000008,19.0,130.99429335067194,65.66149375924455,19.0
1003,1,Typical,click,Hund,83.5524204803332,47606.0,1397,780,1,-0.5664037485213819,4.71,7.824,0.07142857142857142,0.0003957261574990107,-4.895,-9.766,1.2930000000000001,-0.8559999999999999,145.851,16.0,0.9599999999999991,0.9599999999999991,0.75,0.2733185827431956,19.0,224.609,0.0,16.677,5.531000000000001,16.0,60.38654795132443,41.35746029182099,16.0
1003,1,Typical,click,Kaninchen,-154.147097904924,-92763.0,4149,980,0,-0.11886809809394569,5.434,7.836,0.07142857142857142,0.0005599104143337066,-4.344,-9.39,0.8319999999999999,2.51,142.117,16.0,0.0,0.0,0.041666666666666664,0.22004211053077194,22.0,223.166,0.0,67.84799999999998,0.0,0.0,66.49600405715856,42.205436002072055,1.0
1003,1,Typical,click,Katze,-32.7245309154732,-17772.0,1718,980,0,-0.5142020974359142,5.355,7.812,0.1111111111111111,0.0004655493482309125,-4.63,-9.59,-0.06400000000000006,2.75,149.12400000000002,17.0,0.0,0.0,1.0,0.27924582434778517,22.0,223.119,0.0,61.901999999999994,0.06400000000000006,15.0,64.76828807422034,43.08931947855524,1.0
1003,1,Typical,click,Klapperschlange,40.0858570826414,17708.0,4646,3102,0,-0.0380449809927699,4.68,7.582,0.14285714285714285,9.127418765972983e-05,-4.254,-12.266,1.883,-0.5960000000000001,159.38500000000002,17.0,6.5600000000000005,1.8800000000000008,0.7916666666666666,0.3341395210556347,22.0,272.101,17.0,8.696000000000002,39.196,19.0,57.67892111225579,46.71186066420429,19.0
1003,1,Typical,click,Lachs,-34.0967683036059,-21496.0,1190,830,0,-0.6000664954830386,3.541,7.77,1.0,0.0009478672985781991,-1.035,-8.805,10.285,1.1550000000000011,144.0922,18.0,0.0,0.0,0.041666666666666664,6.089705803380613,17.0,161.35778,17.0,101.29222,0.0,18.0,183.51630680482114,40.1096654152545,18.0
1003,1,Typical,click,Loewe,-30.0684670202735,-7907.5,2109,1340,0,-0.4506169087305626,5.51,7.688,0.05,0.0002795638803466592,-5.027,-10.305,0.21499999999999986,-1.2889999999999997,152.458,17.0,2.63,2.63,0.9166666666666666,0.19016061941084472,20.0,230.844,0.0,0.8309999999999995,34.827,20.0,64.0926005884869,40.3879506035535,20.0
1003,1,Typical,click,Pferd,802.34955640288,527449.5,2181,1380,2,-0.43890812717868205,4.496,7.67,0.022727272727272728,0.0003792188092529389,-6.055,-9.88,-0.12099999999999955,-2.243000000000001,147.17399999999998,17.0,3.4650000000000007,2.479000000000001,1.0,0.11968439300255372,20.0,227.091,0.0,0.3200000000000003,35.980000000000004,4.0,48.46719800578261,39.341101111093735,20.0
1003,1,Typical,click,Spatz,-30.9125515722652,-20953.0,2901,2260,0,-0.32182031165987607,4.57,7.566,1.0,0.0055248618784530384,-1.347,-7.027,8.363000000000001,2.9330000000000007,144.0912,17.0,0.0,0.0,0.041666666666666664,6.366632781654495,17.0,141.23298,17.0,117.94501999999999,0.0,17.0,126.0473080182301,32.63877843707358,18.0
1003,1,Atypical,click,Aal,-73.5703245687292,-39039.0,10685,1780,4,0.9440290716712152,4.24,7.477,1.0,0.0019011406844106464,-1.614,-8.125,5.753,3.359,144.142,17.0,0.0,0.0,0.041666666666666664,5.350612693200015,18.0,165.81730000000002,18.0,117.51970000000001,0.0,19.0,143.91418385457848,60.76871534313391,19.0
1003,1,Atypical,click,Pinguin,-25.3593107879998,-13811.0,5350,4901,1,0.07644088307006261,3.906,7.797,1.0,0.00510204081632653,-1.1875,-7.18,1.3624999999999998,1.5999999999999996,145.61399999999998,17.0,0.0,0.0,0.041666666666666664,5.679021674422119,18.0,146.9875,17.0,33.1655,0.0,17.0,55.065940584902386,33.47984880766462,18.0
1003,1,Atypical,click,Schmetterling,-82.5501997930178,-49147.5,3221,1886,0,-0.26978128254040673,4.43,7.85,0.3333333333333333,0.002136752136752137,-2.312,-7.945,1.411,-0.47500000000000053,158.62099999999998,17.0,4.65,2.465,0.75,5.691326469022061,17.0,179.6365,16.0,10.327499999999999,28.194,4.0,82.81711961061038,45.56419321270815,20.0
1003,1,Atypical,click,Seeloewe,-73.6907687211718,-38194.0,4101,2620,0,-0.12667395246186608,4.348,7.875,0.05263157894736842,0.0005339028296849973,-5.105,-9.414,-2.9530000000000003,-0.4339999999999993,149.56099999999998,17.0,3.7669999999999995,3.7669999999999995,1.0,0.17601902325040447,20.0,221.144,0.0,0.0,42.194,21.0,46.43150387400727,85.84442051756527,20.0
1003,1,Atypical,click,Wal,-55.7231078515166,-10167.0,3613,2413,1,-0.2060334718690568,4.02,7.723,0.125,0.0005310674455655868,-4.82,-9.46,-3.5730000000000004,-0.5150000000000006,146.208,17.0,3.4582999999999995,3.4582999999999995,1.0,0.30788095004842325,22.0,217.32299999999998,0.0,0.0600000000000005,42.3699,21.0,39.597979746446654,83.76453221196577,20.0
1004,0,Atypical,touch,Wal,349.780097627543,162678.0,2030,820,1,0.6413134692296487,4.02,7.723,0.125,0.0005310674455655868,-4.82,-9.46,-3.5730000000000004,-0.5150000000000006,146.208,17.0,3.4582999999999995,3.4582999999999995,1.0,0.30788095004842325,22.0,217.32299999999998,0.0,0.0600000000000005,42.3699,21.0,39.597979746446654,83.76453221196577,20.0
1004,1,Typical,touch,Alligator,586.646263733528,187917.0,2160,1660,3,0.83665744123572,4.45,7.72,1.0,0.0001318217769575534,-1.651,-11.46,3.199,-1.7800000000000011,145.1859,16.0,5.68,2.790000000000001,0.7916666666666666,2.046305650511986,22.0,255.92399999999998,4.0,14.643,48.59700000000001,18.0,75.12180909347863,53.99820243997104,18.0
1004,1,Typical,touch,Chamaeleon,-45.5598578515049,-9212.5,2851,2671,0,1.874985784744914,5.184,7.64,0.14285714285714285,0.00013747594171020073,-3.97,-11.42,-2.133,-3.9699999999999998,151.466,17.0,3.0470000000000015,2.112000000000001,1.0,0.32327882020439247,22.0,270.342,7.0,0.0,82.36999999999999,22.0,37.45162754661942,87.97747993854695,5.0
1004,1,Typical,touch,Falke,-53.0858256299902,-20741.5,1070,750,0,-0.8012266317382621,4.1,7.598,1.0,0.005917159763313609,-1.225,-7.05,6.791,5.500000000000001,140.834,17.0,0.0,0.0,0.041666666666666664,6.282913899443543,17.0,142.54299999999998,17.0,169.77300000000002,0.0,17.0,155.26518118772736,52.5185607843192,18.0
1004,1,Typical,touch,Goldfisch,57.0440382653214,27483.5,990,860,0,-0.9214383068189214,2.568,7.555,1.0,0.001451378809869376,-0.4539,-8.414,6.0731,3.2859999999999996,137.4658,17.0,0.3800000000000008,0.0,0.08333333333333333,5.254619675872444,18.0,162.2903,18.0,83.28269999999999,0.3800000000000008,19.0,130.99429335067194,65.66149375924455,19.0
1004,1,Typical,touch,Hai,317.049727144376,68545.5,1550,1220,2,-0.07995658125430674,3.463,7.656,0.5,0.0010214504596527069,-1.455,-8.75,6.6850000000000005,1.0549999999999997,146.10299999999998,17.0,0.0,0.0,0.041666666666666664,3.5044191848582944,19.0,170.33700000000002,18.0,66.883,0.0,19.0,115.92960434836164,32.52035186190416,19.0
1004,1,Typical,touch,Hund,-64.988807664818,-34372.5,1168,718,0,-0.6539673297644546,4.71,7.824,0.07142857142857142,0.0003957261574990107,-4.895,-9.766,1.2930000000000001,-0.8559999999999999,145.851,16.0,0.9599999999999991,0.9599999999999991,0.75,0.2733185827431956,19.0,224.609,0.0,16.677,5.531000000000001,16.0,60.38654795132443,41.35746029182099,16.0
1004,1,Typical,touch,Kaninchen,181.647519455376,81595.0,1791,1221,1,0.28218108992617924,5.434,7.836,0.07142857142857142,0.0005599104143337066,-4.344,-9.39,0.8319999999999999,2.51,142.117,16.0,0.0,0.0,0.041666666666666664,0.22004211053077194,22.0,223.166,0.0,67.84799999999998,0.0,0.0,66.49600405715856,42.205436002072055,1.0
1004,1,Typical,touch,Katze,-62.3499619577633,-31835.5,1221,861,0,-0.5743270950235179,5.355,7.812,0.1111111111111111,0.0004655493482309125,-4.63,-9.59,-0.06400000000000006,2.75,149.12400000000002,17.0,0.0,0.0,1.0,0.27924582434778517,22.0,223.119,0.0,61.901999999999994,0.06400000000000006,15.0,64.76828807422034,43.08931947855524,1.0
1004,1,Typical,touch,Klapperschlange,-35.2303211890628,-10331.5,890,780,0,-1.0717029006697454,4.68,7.582,0.14285714285714285,9.127418765972983e-05,-4.254,-12.266,1.883,-0.5960000000000001,159.38500000000002,17.0,6.5600000000000005,1.8800000000000008,0.7916666666666666,0.3341395210556347,22.0,272.101,17.0,8.696000000000002,39.196,19.0,57.67892111225579,46.71186066420429,19.0
1004,1,Typical,touch,Lachs,218.669513020194,93822.0,1850,1380,3,0.3708372002981654,3.541,7.77,1.0,0.0009478672985781991,-1.035,-8.805,10.285,1.1550000000000011,144.0922,18.0,0.0,0.0,0.041666666666666664,6.089705803380613,17.0,161.35778,17.0,101.29222,0.0,18.0,183.51630680482114,40.1096654152545,18.0
1004,1,Typical,touch,Loewe,-67.7287543307666,-39046.0,1170,820,0,-0.6509620378874381,5.51,7.688,0.05,0.0002795638803466592,-5.027,-10.305,0.21499999999999986,-1.2889999999999997,152.458,17.0,2.63,2.63,0.9166666666666666,0.19016061941084472,20.0,230.844,0.0,0.8309999999999995,34.827,20.0,64.0926005884869,40.3879506035535,20.0
1004,1,Typical,touch,Pferd,-40.6037764070029,-19544.5,1390,1140,1,-0.3203799314156252,4.496,7.67,0.022727272727272728,0.0003792188092529389,-6.055,-9.88,-0.12099999999999955,-2.243000000000001,147.17399999999998,17.0,3.4650000000000007,2.479000000000001,1.0,0.11968439300255372,20.0,227.091,0.0,0.3200000000000003,35.980000000000004,4.0,48.46719800578261,39.341101111093735,20.0
1004,1,Typical,touch,Spatz,29.5938338531922,9327.5,1100,740,0,-0.7561472535830149,4.57,7.566,1.0,0.0055248618784530384,-1.347,-7.027,8.363000000000001,2.9330000000000007,144.0912,17.0,0.0,0.0,0.041666666666666664,6.366632781654495,17.0,141.23298,17.0,117.94501999999999,0.0,17.0,126.0473080182301,32.63877843707358,18.0
1004,1,Atypical,touch,Aal,-53.9747922645805,-25067.0,1220,1060,1,-0.5758297409620261,4.24,7.477,1.0,0.0019011406844106464,-1.614,-8.125,5.753,3.359,144.142,17.0,0.0,0.0,0.041666666666666664,5.350612693200015,18.0,165.81730000000002,18.0,117.51970000000001,0.0,19.0,143.91418385457848,60.76871534313391,19.0
1004,1,Atypical,touch,Fledermaus,828.528988448829,367789.0,3350,980,1,2.6248061080605263,4.906,7.652,0.0018656716417910447,0.00028538812785388126,-8.734,-10.266,-5.031000000000001,-2.3259999999999996,165.516,16.0,0.0,0.0,1.0,0.013391970707803893,20.0,246.002,0.0,0.0,71.10400000000001,4.0,33.0876255149752,94.95394459707009,11.0
1004,1,Atypical,touch,Pinguin,20.4023093141155,2012.0,1230,550,0,-0.5608032815769437,3.906,7.797,1.0,0.00510204081632653,-1.1875,-7.18,1.3624999999999998,1.5999999999999996,145.61399999999998,17.0,0.0,0.0,0.041666666666666664,5.679021674422119,18.0,146.9875,17.0,33.1655,0.0,17.0,55.065940584902386,33.47984880766462,18.0
1004,1,Atypical,touch,Schmetterling,-28.06311651504,-12136.0,1230,700,0,-0.5608032815769437,4.43,7.85,0.3333333333333333,0.002136752136752137,-2.312,-7.945,1.411,-0.47500000000000053,158.62099999999998,17.0,4.65,2.465,0.75,5.691326469022061,17.0,179.6365,16.0,10.327499999999999,28.194,4.0,82.81711961061038,45.56419321270815,20.0
1004,1,Atypical,touch,Seeloewe,418.858677444129,172194.5,2200,1990,1,0.8967632787760496,4.348,7.875,0.05263157894736842,0.0005339028296849973,-5.105,-9.414,-2.9530000000000003,-0.4339999999999993,149.56099999999998,17.0,3.7669999999999995,3.7669999999999995,1.0,0.17601902325040447,20.0,221.144,0.0,0.0,42.194,21.0,46.43150387400727,85.84442051756527,20.0
1005,0,Typical,touch,Hai,107.836959845044,50512.5,1550,1340,1,0.6757856044220593,3.463,7.656,0.5,0.0010214504596527069,-1.455,-8.75,6.6850000000000005,1.0549999999999997,146.10299999999998,17.0,0.0,0.0,0.041666666666666664,3.5044191848582944,19.0,170.33700000000002,18.0,66.883,0.0,19.0,115.92960434836164,32.52035186190416,19.0
1005,0,Typical,touch,Kaninchen,65.0524888497169,38692.5,1000,940,0,-0.9585489399451055,5.434,7.836,0.07142857142857142,0.0005599104143337066,-4.344,-9.39,0.8319999999999999,2.51,142.117,16.0,0.0,0.0,0.041666666666666664,0.22004211053077194,22.0,223.166,0.0,67.84799999999998,0.0,0.0,66.49600405715856,42.205436002072055,1.0
1005,1,Typical,touch,Alligator,608.439696389493,311035.5,2167,1877,3,2.5092118114666784,4.45,7.72,1.0,0.0001318217769575534,-1.651,-11.46,3.199,-1.7800000000000011,145.1859,16.0,5.68,2.790000000000001,0.7916666666666666,2.046305650511986,22.0,255.92399999999998,4.0,14.643,48.59700000000001,18.0,75.12180909347863,53.99820243997104,18.0
1005,1,Typical,touch,Chamaeleon,135.660594326476,73641.0,1210,1100,1,-0.334530295732188,5.184,7.64,0.14285714285714285,0.00013747594171020073,-3.97,-11.42,-2.133,-3.9699999999999998,151.466,17.0,3.0470000000000015,2.112000000000001,1.0,0.32327882020439247,22.0,270.342,7.0,0.0,82.36999999999999,22.0,37.45162754661942,87.97747993854695,5.0
1005,1,Typical,touch,Falke,96.687310651907,18298.0,1400,1300,1,0.2300580014128325,4.1,7.598,1.0,0.005917159763313609,-1.225,-7.05,6.791,5.500000000000001,140.834,17.0,0.0,0.0,0.041666666666666664,6.282913899443543,17.0,142.54299999999998,17.0,169.77300000000002,0.0,17.0,155.26518118772736,52.5185607843192,18.0
1005,1,Typical,touch,Goldfisch,99.9908454795836,22623.5,1010,900,1,-0.928833766411157,2.568,7.555,1.0,0.001451378809869376,-0.4539,-8.414,6.0731,3.2859999999999996,137.4658,17.0,0.3800000000000008,0.0,0.08333333333333333,5.254619675872444,18.0,162.2903,18.0,83.28269999999999,0.3800000000000008,19.0,130.99429335067194,65.66149375924455,19.0
1005,1,Typical,touch,Hund,61.2830388500193,21289.5,1110,980,1,-0.6316820310716725,4.71,7.824,0.07142857142857142,0.0003957261574990107,-4.895,-9.766,1.2930000000000001,-0.8559999999999999,145.851,16.0,0.9599999999999991,0.9599999999999991,0.75,0.2733185827431956,19.0,224.609,0.0,16.677,5.531000000000001,16.0,60.38654795132443,41.35746029182099,16.0
1005,1,Typical,touch,Katze,71.498376259728,26576.0,1080,940,2,-0.7208275516735179,5.355,7.812,0.1111111111111111,0.0004655493482309125,-4.63,-9.59,-0.06400000000000006,2.75,149.12400000000002,17.0,0.0,0.0,1.0,0.27924582434778517,22.0,223.119,0.0,61.901999999999994,0.06400000000000006,15.0,64.76828807422034,43.08931947855524,1.0
1005,1,Typical,touch,Klapperschlange,93.4175356226895,56195.0,1400,1260,1,0.2300580014128325,4.68,7.582,0.14285714285714285,9.127418765972983e-05,-4.254,-12.266,1.883,-0.5960000000000001,159.38500000000002,17.0,6.5600000000000005,1.8800000000000008,0.7916666666666666,0.3341395210556347,22.0,272.101,17.0,8.696000000000002,39.196,19.0,57.67892111225579,46.71186066420429,19.0
1005,1,Typical,touch,Lachs,107.2235476176,72551.0,1070,980,1,-0.7505427252074663,3.541,7.77,1.0,0.0009478672985781991,-1.035,-8.805,10.285,1.1550000000000011,144.0922,18.0,0.0,0.0,0.041666666666666664,6.089705803380613,17.0,161.35778,17.0,101.29222,0.0,18.0,183.51630680482114,40.1096654152545,18.0
1005,1,Typical,touch,Loewe,40.0085354954,21671.0,1151,1061,3,-0.5098498195824839,5.51,7.688,0.05,0.0002795638803466592,-5.027,-10.305,0.21499999999999986,-1.2889999999999997,152.458,17.0,2.63,2.63,0.9166666666666666,0.19016061941084472,20.0,230.844,0.0,0.8309999999999995,34.827,20.0,64.0926005884869,40.3879506035535,20.0
1005,1,Typical,touch,Pferd,88.202892391601,63600.0,1411,1071,2,0.2627446923001758,4.496,7.67,0.022727272727272728,0.0003792188092529389,-6.055,-9.88,-0.12099999999999955,-2.243000000000001,147.17399999999998,17.0,3.4650000000000007,2.479000000000001,1.0,0.11968439300255372,20.0,227.091,0.0,0.3200000000000003,35.980000000000004,4.0,48.46719800578261,39.341101111093735,20.0
1005,1,Typical,touch,Spatz,-21.8030463325347,-15434.0,910,780,0,-1.2259855017506416,4.57,7.566,1.0,0.0055248618784530384,-1.347,-7.027,8.363000000000001,2.9330000000000007,144.0912,17.0,0.0,0.0,0.041666666666666664,6.366632781654495,17.0,141.23298,17.0,117.94501999999999,0.0,17.0,126.0473080182301,32.63877843707358,18.0
1005,1,Atypical,touch,Aal,117.077511360565,49164.5,910,740,1,-1.2259855017506416,4.24,7.477,1.0,0.0019011406844106464,-1.614,-8.125,5.753,3.359,144.142,17.0,0.0,0.0,0.041666666666666664,5.350612693200015,18.0,165.81730000000002,18.0,117.51970000000001,0.0,19.0,143.91418385457848,60.76871534313391,19.0
1005,1,Atypical,touch,Fledermaus,57.6825017720453,35026.5,1200,1140,0,-0.3642454692661365,4.906,7.652,0.0018656716417910447,0.00028538812785388126,-8.734,-10.266,-5.031000000000001,-2.3259999999999996,165.516,16.0,0.0,0.0,1.0,0.013391970707803893,20.0,246.002,0.0,0.0,71.10400000000001,4.0,33.0876255149752,94.95394459707009,11.0
1005,1,Atypical,touch,Pinguin,388.052303003337,120801.5,1880,1500,1,1.656386331042358,3.906,7.797,1.0,0.00510204081632653,-1.1875,-7.18,1.3624999999999998,1.5999999999999996,145.61399999999998,17.0,0.0,0.0,0.041666666666666664,5.679021674422119,18.0,146.9875,17.0,33.1655,0.0,17.0,55.065940584902386,33.47984880766462,18.0
1005,1,Atypical,touch,Schmetterling,127.191896592807,74855.0,1540,1500,1,0.6460704308881108,4.43,7.85,0.3333333333333333,0.002136752136752137,-2.312,-7.945,1.411,-0.47500000000000053,158.62099999999998,17.0,4.65,2.465,0.75,5.691326469022061,17.0,179.6365,16.0,10.327499999999999,28.194,4.0,82.81711961061038,45.56419321270815,20.0
1005,1,Atypical,touch,Seeloewe,94.9733558556301,54214.0,1640,1580,0,0.9432221662275952,4.348,7.875,0.05263157894736842,0.0005339028296849973,-5.105,-9.414,-2.9530000000000003,-0.4339999999999993,149.56099999999998,17.0,3.7669999999999995,3.7669999999999995,1.0,0.17601902325040447,20.0,221.144,0.0,0.0,42.194,21.0,46.43150387400727,85.84442051756527,20.0
1005,1,Atypical,touch,Wal,83.853808932033,54054.0,1490,1460,1,0.49749456321836855,4.02,7.723,0.125,0.0005310674455655868,-4.82,-9.46,-3.5730000000000004,-0.5150000000000006,146.208,17.0,3.4582999999999995,3.4582999999999995,1.0,0.30788095004842325,22.0,217.32299999999998,0.0,0.0600000000000005,42.3699,21.0,39.597979746446654,83.76453221196577,20.0
1006,1,Typical,touch,Alligator,247.937891470753,126013.5,1710,1630,5,0.5063082881559616,4.45,7.72,1.0,0.0001318217769575534,-1.651,-11.46,3.199,-1.7800000000000011,145.1859,16.0,5.68,2.790000000000001,0.7916666666666666,2.046305650511986,22.0,255.92399999999998,4.0,14.643,48.59700000000001,18.0,75.12180909347863,53.99820243997104,18.0
1006,1,Typical,touch,Chamaeleon,484.782971798247,239133.5,1180,1060,1,-0.29421368730808845,5.184,7.64,0.14285714285714285,0.00013747594171020073,-3.97,-11.42,-2.133,-3.9699999999999998,151.466,17.0,3.0470000000000015,2.112000000000001,1.0,0.32327882020439247,22.0,270.342,7.0,0.0,82.36999999999999,22.0,37.45162754661942,87.97747993854695,5.0
1006,1,Typical,touch,Falke,115.460001115023,58790.5,960,900,2,-0.6265058280667507,4.1,7.598,1.0,0.005917159763313609,-1.225,-7.05,6.791,5.500000000000001,140.834,17.0,0.0,0.0,0.041666666666666664,6.282913899443543,17.0,142.54299999999998,17.0,169.77300000000002,0.0,17.0,155.26518118772736,52.5185607843192,18.0
1006,1,Typical,touch,Goldfisch,644.566148847478,280396.5,1248,1188,1,-0.1915052074372292,2.568,7.555,1.0,0.001451378809869376,-0.4539,-8.414,6.0731,3.2859999999999996,137.4658,17.0,0.3800000000000008,0.0,0.08333333333333333,5.254619675872444,18.0,162.2903,18.0,83.28269999999999,0.3800000000000008,19.0,130.99429335067194,65.66149375924455,19.0
1006,1,Typical,touch,Hai,-172.12166798121,-37254.5,991,581,2,-0.579682844596212,3.463,7.656,0.5,0.0010214504596527069,-1.455,-8.75,6.6850000000000005,1.0549999999999997,146.10299999999998,17.0,0.0,0.0,0.041666666666666664,3.5044191848582944,19.0,170.33700000000002,18.0,66.883,0.0,19.0,115.92960434836164,32.52035186190416,19.0
1006,1,Typical,touch,Hund,29.8235055348613,12171.5,790,620,0,-0.8832770277438988,4.71,7.824,0.07142857142857142,0.0003957261574990107,-4.895,-9.766,1.2930000000000001,-0.8559999999999999,145.851,16.0,0.9599999999999991,0.9599999999999991,0.75,0.2733185827431956,19.0,224.609,0.0,16.677,5.531000000000001,16.0,60.38654795132443,41.35746029182099,16.0
1006,1,Typical,touch,Kaninchen,-23.5207280551888,-7756.0,951,700,2,-0.6400995974614233,5.434,7.836,0.07142857142857142,0.0005599104143337066,-4.344,-9.39,0.8319999999999999,2.51,142.117,16.0,0.0,0.0,0.041666666666666664,0.22004211053077194,22.0,223.166,0.0,67.84799999999998,0.0,0.0,66.49600405715856,42.205436002072055,1.0
1006,1,Typical,touch,Katze,601.779392840149,284330.0,1050,900,3,-0.49056813412002526,5.355,7.812,0.1111111111111111,0.0004655493482309125,-4.63,-9.59,-0.06400000000000006,2.75,149.12400000000002,17.0,0.0,0.0,1.0,0.27924582434778517,22.0,223.119,0.0,61.901999999999994,0.06400000000000006,15.0,64.76828807422034,43.08931947855524,1.0
1006,1,Typical,touch,Klapperschlange,145.014402425635,49398.5,3511,3341,2,3.226572585912101,4.68,7.582,0.14285714285714285,9.127418765972983e-05,-4.254,-12.266,1.883,-0.5960000000000001,159.38500000000002,17.0,6.5600000000000005,1.8800000000000008,0.7916666666666666,0.3341395210556347,22.0,272.101,17.0,8.696000000000002,39.196,19.0,57.67892111225579,46.71186066420429,19.0
1006,1,Typical,touch,Lachs,-43.2161461169139,-8384.0,1070,780,0,-0.4603597576874196,3.541,7.77,1.0,0.0009478672985781991,-1.035,-8.805,10.285,1.1550000000000011,144.0922,18.0,0.0,0.0,0.041666666666666664,6.089705803380613,17.0,161.35778,17.0,101.29222,0.0,18.0,183.51630680482114,40.1096654152545,18.0
1006,1,Typical,touch,Loewe,-52.7840410940704,-20029.0,760,700,0,-0.9285895923928074,5.51,7.688,0.05,0.0002795638803466592,-5.027,-10.305,0.21499999999999986,-1.2889999999999997,152.458,17.0,2.63,2.63,0.9166666666666666,0.19016061941084472,20.0,230.844,0.0,0.8309999999999995,34.827,20.0,64.0926005884869,40.3879506035535,20.0
1006,1,Typical,touch,Pferd,291.973361618175,133967.0,1110,980,2,-0.3999430048222083,4.496,7.67,0.022727272727272728,0.0003792188092529389,-6.055,-9.88,-0.12099999999999955,-2.243000000000001,147.17399999999998,17.0,3.4650000000000007,2.479000000000001,1.0,0.11968439300255372,20.0,227.091,0.0,0.3200000000000003,35.980000000000004,4.0,48.46719800578261,39.341101111093735,20.0
1006,1,Typical,touch,Spatz,47.6879991146736,15291.5,850,750,1,-0.7926518984460819,4.57,7.566,1.0,0.0055248618784530384,-1.347,-7.027,8.363000000000001,2.9330000000000007,144.0912,17.0,0.0,0.0,0.041666666666666664,6.366632781654495,17.0,141.23298,17.0,117.94501999999999,0.0,17.0,126.0473080182301,32.63877843707358,18.0
1006,1,Atypical,touch,Aal,259.447439480909,123676.5,1501,1221,3,0.19063075443523242,4.24,7.477,1.0,0.0019011406844106464,-1.614,-8.125,5.753,3.359,144.142,17.0,0.0,0.0,0.041666666666666664,5.350612693200015,18.0,165.81730000000002,18.0,117.51970000000001,0.0,19.0,143.91418385457848,60.76871534313391,19.0
1006,1,Atypical,touch,Fledermaus,333.341225036339,138471.5,1900,1700,3,0.7932878642657154,4.906,7.652,0.0018656716417910447,0.00028538812785388126,-8.734,-10.266,-5.031000000000001,-2.3259999999999996,165.516,16.0,0.0,0.0,1.0,0.013391970707803893,20.0,246.002,0.0,0.0,71.10400000000001,4.0,33.0876255149752,94.95394459707009,11.0
1006,1,Atypical,touch,Pinguin,342.009130766909,60396.5,2250,2220,3,1.3219344518363145,3.906,7.797,1.0,0.00510204081632653,-1.1875,-7.18,1.3624999999999998,1.5999999999999996,145.61399999999998,17.0,0.0,0.0,0.041666666666666664,5.679021674422119,18.0,146.9875,17.0,33.1655,0.0,17.0,55.065940584902386,33.47984880766462,18.0
1006,1,Atypical,touch,Schmetterling,346.605000957751,142434.0,1884,980,3,0.7691211631196309,4.43,7.85,0.3333333333333333,0.002136752136752137,-2.312,-7.945,1.411,-0.47500000000000053,158.62099999999998,17.0,4.65,2.465,0.75,5.691326469022061,17.0,179.6365,16.0,10.327499999999999,28.194,4.0,82.81711961061038,45.56419321270815,20.0
1006,1,Atypical,touch,Seeloewe,38.8352174360993,14056.0,1100,940,0,-0.4150471930385111,4.348,7.875,0.05263157894736842,0.0005339028296849973,-5.105,-9.414,-2.9530000000000003,-0.4339999999999993,149.56099999999998,17.0,3.7669999999999995,3.7669999999999995,1.0,0.17601902325040447,20.0,221.144,0.0,0.0,42.194,21.0,46.43150387400727,85.84442051756527,20.0
1006,1,Atypical,touch,Wal,154.56131862786,74222.5,1305,1245,0,-0.10541133460430308,4.02,7.723,0.125,0.0005310674455655868,-4.82,-9.46,-3.5730000000000004,-0.5150000000000006,146.208,17.0,3.4582999999999995,3.4582999999999995,1.0,0.30788095004842325,22.0,217.32299999999998,0.0,0.0600000000000005,42.3699,21.0,39.597979746446654,83.76453221196577,20.0
1007,1,Typical,click,Alligator,34.0911342762119,-17627.5,2094,1501,2,0.206399784786128,4.45,7.72,1.0,0.0001318217769575534,-1.651,-11.46,3.199,-1.7800000000000011,145.1859,16.0,5.68,2.790000000000001,0.7916666666666666,2.046305650511986,22.0,255.92399999999998,4.0,14.643,48.59700000000001,18.0,75.12180909347863,53.99820243997104,18.0
1007,1,Typical,click,Chamaeleon,867.028061442707,404871.0,2037,1580,3,0.13486987537064743,5.184,7.64,0.14285714285714285,0.00013747594171020073,-3.97,-11.42,-2.133,-3.9699999999999998,151.466,17.0,3.0470000000000015,2.112000000000001,1.0,0.32327882020439247,22.0,270.342,7.0,0.0,82.36999999999999,22.0,37.45162754661942,87.97747993854695,5.0
1007,1,Typical,click,Falke,122.088219500621,103611.0,1566,981,2,-0.4561930603256918,4.1,7.598,1.0,0.005917159763313609,-1.225,-7.05,6.791,5.500000000000001,140.834,17.0,0.0,0.0,0.041666666666666664,6.282913899443543,17.0,142.54299999999998,17.0,169.77300000000002,0.0,17.0,155.26518118772736,52.5185607843192,18.0
1007,1,Typical,click,Goldfisch,-84.1070317683145,-58580.5,1533,940,1,-0.4976051131451805,2.568,7.555,1.0,0.001451378809869376,-0.4539,-8.414,6.0731,3.2859999999999996,137.4658,17.0,0.3800000000000008,0.0,0.08333333333333333,5.254619675872444,18.0,162.2903,18.0,83.28269999999999,0.3800000000000008,19.0,130.99429335067194,65.66149375924455,19.0
1007,1,Typical,click,Hai,-155.427882705047,-114776.0,4461,1628,2,3.17677339156582,3.463,7.656,0.5,0.0010214504596527069,-1.455,-8.75,6.6850000000000005,1.0549999999999997,146.10299999999998,17.0,0.0,0.0,0.041666666666666664,3.5044191848582944,19.0,170.33700000000002,18.0,66.883,0.0,19.0,115.92960434836164,32.52035186190416,19.0
1007,1,Typical,click,Hund,-138.136011153243,-65368.0,1382,750,1,-0.687096627561629,4.71,7.824,0.07142857142857142,0.0003957261574990107,-4.895,-9.766,1.2930000000000001,-0.8559999999999999,145.851,16.0,0.9599999999999991,0.9599999999999991,0.75,0.2733185827431956,19.0,224.609,0.0,16.677,5.531000000000001,16.0,60.38654795132443,41.35746029182099,16.0
1007,1,Typical,click,Kaninchen,-65.3597757220873,-33570.5,1301,780,0,-0.7887443935731013,5.434,7.836,0.07142857142857142,0.0005599104143337066,-4.344,-9.39,0.8319999999999999,2.51,142.117,16.0,0.0,0.0,0.041666666666666664,0.22004211053077194,22.0,223.166,0.0,67.84799999999998,0.0,0.0,66.49600405715856,42.205436002072055,1.0
1007,1,Typical,click,Katze,1171.7904006646,639384.0,1598,1110,3,-0.41603591819770275,5.355,7.812,0.1111111111111111,0.0004655493482309125,-4.63,-9.59,-0.06400000000000006,2.75,149.12400000000002,17.0,0.0,0.0,1.0,0.27924582434778517,22.0,223.119,0.0,61.901999999999994,0.06400000000000006,15.0,64.76828807422034,43.08931947855524,1.0
1007,1,Typical,click,Klapperschlange,-46.9539797103688,-24455.0,1262,790,0,-0.837685910541588,4.68,7.582,0.14285714285714285,9.127418765972983e-05,-4.254,-12.266,1.883,-0.5960000000000001,159.38500000000002,17.0,6.5600000000000005,1.8800000000000008,0.7916666666666666,0.3341395210556347,22.0,272.101,17.0,8.696000000000002,39.196,19.0,57.67892111225579,46.71186066420429,19.0
1007,1,Typical,click,Lachs,237.828390203984,197377.0,1333,940,1,-0.7485872514451123,3.541,7.77,1.0,0.0009478672985781991,-1.035,-8.805,10.285,1.1550000000000011,144.0922,18.0,0.0,0.0,0.041666666666666664,6.089705803380613,17.0,161.35778,17.0,101.29222,0.0,18.0,183.51630680482114,40.1096654152545,18.0
1007,1,Typical,click,Loewe,411.381561465876,268249.0,1414,900,2,-0.6469394854336399,5.51,7.688,0.05,0.0002795638803466592,-5.027,-10.305,0.21499999999999986,-1.2889999999999997,152.458,17.0,2.63,2.63,0.9166666666666666,0.19016061941084472,20.0,230.844,0.0,0.8309999999999995,34.827,20.0,64.0926005884869,40.3879506035535,20.0
1007,1,Typical,click,Pferd,58.6995897230701,31569.0,1581,700,1,-0.43736939995319696,4.496,7.67,0.022727272727272728,0.0003792188092529389,-6.055,-9.88,-0.12099999999999955,-2.243000000000001,147.17399999999998,17.0,3.4650000000000007,2.479000000000001,1.0,0.11968439300255372,20.0,227.091,0.0,0.3200000000000003,35.980000000000004,4.0,48.46719800578261,39.341101111093735,20.0
1007,1,Typical,click,Spatz,51.8450900288942,13350.0,1733,1100,2,-0.2466229748452488,4.57,7.566,1.0,0.0055248618784530384,-1.347,-7.027,8.363000000000001,2.9330000000000007,144.0912,17.0,0.0,0.0,0.041666666666666664,6.366632781654495,17.0,141.23298,17.0,117.94501999999999,0.0,17.0,126.0473080182301,32.63877843707358,18.0
1007,1,Atypical,click,Aal,-47.1981845262908,-33873.0,1637,1020,1,-0.36709440122921605,4.24,7.477,1.0,0.0019011406844106464,-1.614,-8.125,5.753,3.359,144.142,17.0,0.0,0.0,0.041666666666666664,5.350612693200015,18.0,165.81730000000002,18.0,117.51970000000001,0.0,19.0,143.91418385457848,60.76871534313391,19.0
1007,1,Atypical,click,Fledermaus,912.93644405401,585756.0,1885,1420,1,-0.05587654973730068,4.906,7.652,0.0018656716417910447,0.00028538812785388126,-8.734,-10.266,-5.031000000000001,-2.3259999999999996,165.516,16.0,0.0,0.0,1.0,0.013391970707803893,20.0,246.002,0.0,0.0,71.10400000000001,4.0,33.0876255149752,94.95394459707009,11.0
1007,1,Atypical,click,Pinguin,1100.06928279363,513185.0,3101,2340,2,1.4700948511262844,3.906,7.797,1.0,0.00510204081632653,-1.1875,-7.18,1.3624999999999998,1.5999999999999996,145.61399999999998,17.0,0.0,0.0,0.041666666666666664,5.679021674422119,18.0,146.9875,17.0,33.1655,0.0,17.0,55.065940584902386,33.47984880766462,18.0
1007,1,Atypical,click,Schmetterling,852.213141078488,467214.0,2069,860,1,0.17502701749863653,4.43,7.85,0.3333333333333333,0.002136752136752137,-2.312,-7.945,1.411,-0.47500000000000053,158.62099999999998,17.0,4.65,2.465,0.75,5.691326469022061,17.0,179.6365,16.0,10.327499999999999,28.194,4.0,82.81711961061038,45.56419321270815,20.0
1007,1,Atypical,click,Seeloewe,-89.0482722186836,9160.5,2989,1660,4,1.3295448536783225,4.348,7.875,0.05263157894736842,0.0005339028296849973,-5.105,-9.414,-2.9530000000000003,-0.4339999999999993,149.56099999999998,17.0,3.7669999999999995,3.7669999999999995,1.0,0.17601902325040447,20.0,221.144,0.0,0.0,42.194,21.0,46.43150387400727,85.84442051756527,20.0
1007,1,Atypical,click,Wal,373.354893542671,73768.5,1685,1340,2,-0.30685868803723243,4.02,7.723,0.125,0.0005310674455655868,-4.82,-9.46,-3.5730000000000004,-0.5150000000000006,146.208,17.0,3.4582999999999995,3.4582999999999995,1.0,0.30788095004842325,22.0,217.32299999999998,0.0,0.0600000000000005,42.3699,21.0,39.597979746446654,83.76453221196577,20.0
1008,0,Typical,touch,Kaninchen,-30.1608656113183,-21952.5,820,740,0,-0.9917259075254158,5.434,7.836,0.07142857142857142,0.0005599104143337066,-4.344,-9.39,0.8319999999999999,2.51,142.117,16.0,0.0,0.0,0.041666666666666664,0.22004211053077194,22.0,223.166,0.0,67.84799999999998,0.0,0.0,66.49600405715856,42.205436002072055,1.0
1008,1,Typical,touch,Alligator,-25.8389504862261,-20277.0,1230,1140,0,0.061661714457538805,4.45,7.72,1.0,0.0001318217769575534,-1.651,-11.46,3.199,-1.7800000000000011,145.1859,16.0,5.68,2.790000000000001,0.7916666666666666,2.046305650511986,22.0,255.92399999999998,4.0,14.643,48.59700000000001,18.0,75.12180909347863,53.99820243997104,18.0
1008,1,Typical,touch,Chamaeleon,-40.4998471944056,-22948.5,1040,980,1,-0.42649352499797677,5.184,7.64,0.14285714285714285,0.00013747594171020073,-3.97,-11.42,-2.133,-3.9699999999999998,151.466,17.0,3.0470000000000015,2.112000000000001,1.0,0.32327882020439247,22.0,270.342,7.0,0.0,82.36999999999999,22.0,37.45162754661942,87.97747993854695,5.0
1008,1,Typical,touch,Falke,-39.8360093172585,-16961.5,993,893,0,-0.5472477158106569,4.1,7.598,1.0,0.005917159763313609,-1.225,-7.05,6.791,5.500000000000001,140.834,17.0,0.0,0.0,0.041666666666666664,6.282913899443543,17.0,142.54299999999998,17.0,169.77300000000002,0.0,17.0,155.26518118772736,52.5185607843192,18.0
1008,1,Typical,touch,Goldfisch,-50.5162944865017,-28215.0,851,701,0,-0.9120795263510949,2.568,7.555,1.0,0.001451378809869376,-0.4539,-8.414,6.0731,3.2859999999999996,137.4658,17.0,0.3800000000000008,0.0,0.08333333333333333,5.254619675872444,18.0,162.2903,18.0,83.28269999999999,0.3800000000000008,19.0,130.99429335067194,65.66149375924455,19.0
1008,1,Typical,touch,Hai,-51.9964144553481,-27484.5,800,750,0,-1.0431106695733647,3.463,7.656,0.5,0.0010214504596527069,-1.455,-8.75,6.6850000000000005,1.0549999999999997,146.10299999999998,17.0,0.0,0.0,0.041666666666666664,3.5044191848582944,19.0,170.33700000000002,18.0,66.883,0.0,19.0,115.92960434836164,32.52035186190416,19.0
1008,1,Typical,touch,Hund,-28.7436340950253,-2775.5,1330,1140,0,0.31858552469728385,4.71,7.824,0.07142857142857142,0.0003957261574990107,-4.895,-9.766,1.2930000000000001,-0.8559999999999999,145.851,16.0,0.9599999999999991,0.9599999999999991,0.75,0.2733185827431956,19.0,224.609,0.0,16.677,5.531000000000001,16.0,60.38654795132443,41.35746029182099,16.0
1008,1,Typical,touch,Katze,-30.0045143394333,-19591.5,1020,860,0,-0.4778782870459258,5.355,7.812,0.1111111111111111,0.0004655493482309125,-4.63,-9.59,-0.06400000000000006,2.75,149.12400000000002,17.0,0.0,0.0,1.0,0.27924582434778517,22.0,223.119,0.0,61.901999999999994,0.06400000000000006,15.0,64.76828807422034,43.08931947855524,1.0
1008,1,Typical,touch,Klapperschlange,-16.7456196363636,-1903.0,1690,1460,1,1.243511241560366,4.68,7.582,0.14285714285714285,9.127418765972983e-05,-4.254,-12.266,1.883,-0.5960000000000001,159.38500000000002,17.0,6.5600000000000005,1.8800000000000008,0.7916666666666666,0.3341395210556347,22.0,272.101,17.0,8.696000000000002,39.196,19.0,57.67892111225579,46.71186066420429,19.0
1008,1,Typical,touch,Lachs,-15.4182298917104,-6208.0,900,860,0,-0.7861868593336198,3.541,7.77,1.0,0.0009478672985781991,-1.035,-8.805,10.285,1.1550000000000011,144.0922,18.0,0.0,0.0,0.041666666666666664,6.089705803380613,17.0,161.35778,17.0,101.29222,0.0,18.0,183.51630680482114,40.1096654152545,18.0
1008,1,Typical,touch,Loewe,-39.0283810932712,-22928.5,1140,1060,0,-0.1695697147582317,5.51,7.688,0.05,0.0002795638803466592,-5.027,-10.305,0.21499999999999986,-1.2889999999999997,152.458,17.0,2.63,2.63,0.9166666666666666,0.19016061941084472,20.0,230.844,0.0,0.8309999999999995,34.827,20.0,64.0926005884869,40.3879506035535,20.0
1008,1,Typical,touch,Pferd,17.1720430555702,4242.5,710,620,0,-1.2743420987891354,4.496,7.67,0.022727272727272728,0.0003792188092529389,-6.055,-9.88,-0.12099999999999955,-2.243000000000001,147.17399999999998,17.0,3.4650000000000007,2.479000000000001,1.0,0.11968439300255372,20.0,227.091,0.0,0.3200000000000003,35.980000000000004,4.0,48.46719800578261,39.341101111093735,20.0
1008,1,Typical,touch,Spatz,-16.6704198009851,-2489.5,1060,980,0,-0.37510876295002776,4.57,7.566,1.0,0.0055248618784530384,-1.347,-7.027,8.363000000000001,2.9330000000000007,144.0912,17.0,0.0,0.0,0.041666666666666664,6.366632781654495,17.0,141.23298,17.0,117.94501999999999,0.0,17.0,126.0473080182301,32.63877843707358,18.0
1008,1,Atypical,touch,Aal,-66.076110688111,-45776.5,870,700,0,-0.8632640024055434,4.24,7.477,1.0,0.0019011406844106464,-1.614,-8.125,5.753,3.359,144.142,17.0,0.0,0.0,0.041666666666666664,5.350612693200015,18.0,165.81730000000002,18.0,117.51970000000001,0.0,19.0,143.91418385457848,60.76871534313391,19.0
1008,1,Atypical,touch,Fledermaus,-19.2347753858796,-4399.5,1930,1590,0,1.860128386135754,4.906,7.652,0.0018656716417910447,0.00028538812785388126,-8.734,-10.266,-5.031000000000001,-2.3259999999999996,165.516,16.0,0.0,0.0,1.0,0.013391970707803893,20.0,246.002,0.0,0.0,71.10400000000001,4.0,33.0876255149752,94.95394459707009,11.0
1008,1,Atypical,touch,Pinguin,-43.9392027864681,-26559.5,1710,1590,0,1.294896003608315,3.906,7.797,1.0,0.00510204081632653,-1.1875,-7.18,1.3624999999999998,1.5999999999999996,145.61399999999998,17.0,0.0,0.0,0.041666666666666664,5.679021674422119,18.0,146.9875,17.0,33.1655,0.0,17.0,55.065940584902386,33.47984880766462,18.0
1008,1,Atypical,touch,Schmetterling,-34.3876257561905,-15227.5,1520,1350,0,0.8067407641527994,4.43,7.85,0.3333333333333333,0.002136752136752137,-2.312,-7.945,1.411,-0.47500000000000053,158.62099999999998,17.0,4.65,2.465,0.75,5.691326469022061,17.0,179.6365,16.0,10.327499999999999,28.194,4.0,82.81711961061038,45.56419321270815,20.0
1008,1,Atypical,touch,Seeloewe,11.4273702715367,3599.5,1950,1780,0,1.911513148183703,4.348,7.875,0.05263157894736842,0.0005339028296849973,-5.105,-9.414,-2.9530000000000003,-0.4339999999999993,149.56099999999998,17.0,3.7669999999999995,3.7669999999999995,1.0,0.17601902325040447,20.0,221.144,0.0,0.0,42.194,21.0,46.43150387400727,85.84442051756527,20.0
1008,1,Atypical,touch,Wal,-16.3089536013038,-643.0,1350,1260,0,0.36997028674523286,4.02,7.723,0.125,0.0005310674455655868,-4.82,-9.46,-3.5730000000000004,-0.5150000000000006,146.208,17.0,3.4582999999999995,3.4582999999999995,1.0,0.30788095004842325,22.0,217.32299999999998,0.0,0.0600000000000005,42.3699,21.0,39.597979746446654,83.76453221196577,20.0
1009,1,Typical,touch,Alligator,-203.390766185617,-123619.0,5140,5060,0,0.21726249836858785,4.45,7.72,1.0,0.0001318217769575534,-1.651,-11.46,3.199,-1.7800000000000011,145.1859,16.0,5.68,2.790000000000001,0.7916666666666666,2.046305650511986,22.0,255.92399999999998,4.0,14.643,48.59700000000001,18.0,75.12180909347863,53.99820243997104,18.0
1009,1,Typical,touch,Chamaeleon,-204.789434799591,-123241.0,2070,1980,0,-0.36361120240785855,5.184,7.64,0.14285714285714285,0.00013747594171020073,-3.97,-11.42,-2.133,-3.9699999999999998,151.466,17.0,3.0470000000000015,2.112000000000001,1.0,0.32327882020439247,22.0,270.342,7.0,0.0,82.36999999999999,22.0,37.45162754661942,87.97747993854695,5.0
1009,1,Typical,touch,Falke,-295.700465465512,-153939.0,2220,1780,2,-0.33522975122985627,4.1,7.598,1.0,0.005917159763313609,-1.225,-7.05,6.791,5.500000000000001,140.834,17.0,0.0,0.0,0.041666666666666664,6.282913899443543,17.0,142.54299999999998,17.0,169.77300000000002,0.0,17.0,155.26518118772736,52.5185607843192,18.0
1009,1,Typical,touch,Goldfisch,-63.7996293816476,-46319.0,1037,847,0,-0.5590647961870342,2.568,7.555,1.0,0.001451378809869376,-0.4539,-8.414,6.0731,3.2859999999999996,137.4658,17.0,0.3800000000000008,0.0,0.08333333333333333,5.254619675872444,18.0,162.2903,18.0,83.28269999999999,0.3800000000000008,19.0,130.99429335067194,65.66149375924455,19.0
1009,1,Typical,touch,Hai,-146.829477332211,-98217.0,1695,1405,0,-0.4345648303528642,3.463,7.656,0.5,0.0010214504596527069,-1.455,-8.75,6.6850000000000005,1.0549999999999997,146.10299999999998,17.0,0.0,0.0,0.041666666666666664,3.5044191848582944,19.0,170.33700000000002,18.0,66.883,0.0,19.0,115.92960434836164,32.52035186190416,19.0
1009,1,Typical,touch,Hund,-123.324048436213,-94487.0,931,821,0,-0.5791210216861558,4.71,7.824,0.07142857142857142,0.0003957261574990107,-4.895,-9.766,1.2930000000000001,-0.8559999999999999,145.851,16.0,0.9599999999999991,0.9599999999999991,0.75,0.2733185827431956,19.0,224.609,0.0,16.677,5.531000000000001,16.0,60.38654795132443,41.35746029182099,16.0
1009,1,Typical,touch,Kaninchen,-244.871250734941,-146806.0,1171,701,1,-0.5337106998013521,5.434,7.836,0.07142857142857142,0.0005599104143337066,-4.344,-9.39,0.8319999999999999,2.51,142.117,16.0,0.0,0.0,0.041666666666666664,0.22004211053077194,22.0,223.166,0.0,67.84799999999998,0.0,0.0,66.49600405715856,42.205436002072055,1.0
1009,1,Typical,touch,Katze,-182.617599204381,-143906.0,960,780,0,-0.5736339411250753,5.355,7.812,0.1111111111111111,0.0004655493482309125,-4.63,-9.59,-0.06400000000000006,2.75,149.12400000000002,17.0,0.0,0.0,1.0,0.27924582434778517,22.0,223.119,0.0,61.901999999999994,0.06400000000000006,15.0,64.76828807422034,43.08931947855524,1.0
1009,1,Typical,touch,Klapperschlange,-318.749388293062,-214018.0,15132,4692,5,2.107845566172579,4.68,7.582,0.14285714285714285,9.127418765972983e-05,-4.254,-12.266,1.883,-0.5960000000000001,159.38500000000002,17.0,6.5600000000000005,1.8800000000000008,0.7916666666666666,0.3341395210556347,22.0,272.101,17.0,8.696000000000002,39.196,19.0,57.67892111225579,46.71186066420429,19.0
1009,1,Typical,touch,Lachs,613.413993851265,494838.5,1950,1300,1,-0.38631636335026037,3.541,7.77,1.0,0.0009478672985781991,-1.035,-8.805,10.285,1.1550000000000011,144.0922,18.0,0.0,0.0,0.041666666666666664,6.089705803380613,17.0,161.35778,17.0,101.29222,0.0,18.0,183.51630680482114,40.1096654152545,18.0
1009,1,Typical,touch,Loewe,-162.706587871853,-90940.0,1507,740,2,-0.47013624916262703,5.51,7.688,0.05,0.0002795638803466592,-5.027,-10.305,0.21499999999999986,-1.2889999999999997,152.458,17.0,2.63,2.63,0.9166666666666666,0.19016061941084472,20.0,230.844,0.0,0.8309999999999995,34.827,20.0,64.0926005884869,40.3879506035535,20.0
1009,1,Typical,touch,Pferd,-262.078098695915,-156719.5,1040,950,0,-0.5584971671634741,4.496,7.67,0.022727272727272728,0.0003792188092529389,-6.055,-9.88,-0.12099999999999955,-2.243000000000001,147.17399999999998,17.0,3.4650000000000007,2.479000000000001,1.0,0.11968439300255372,20.0,227.091,0.0,0.3200000000000003,35.980000000000004,4.0,48.46719800578261,39.341101111093735,20.0
1009,1,Typical,touch,Spatz,-248.941586452908,-196815.0,1360,980,1,-0.49795007131706925,4.57,7.566,1.0,0.0055248618784530384,-1.347,-7.027,8.363000000000001,2.9330000000000007,144.0912,17.0,0.0,0.0,0.041666666666666664,6.366632781654495,17.0,141.23298,17.0,117.94501999999999,0.0,17.0,126.0473080182301,32.63877843707358,18.0
1009,1,Atypical,touch,Aal,343.120522441247,211033.0,19903,19773,3,3.010564923307571,4.24,7.477,1.0,0.0019011406844106464,-1.614,-8.125,5.753,3.359,144.142,17.0,0.0,0.0,0.041666666666666664,5.350612693200015,18.0,165.81730000000002,18.0,117.51970000000001,0.0,19.0,143.91418385457848,60.76871534313391,19.0
1009,1,Atypical,touch,Fledermaus,-158.690661340789,-111325.5,3467,2827,1,-0.09928528710339744,4.906,7.652,0.0018656716417910447,0.00028538812785388126,-8.734,-10.266,-5.031000000000001,-2.3259999999999996,165.516,16.0,0.0,0.0,1.0,0.013391970707803893,20.0,246.002,0.0,0.0,71.10400000000001,4.0,33.0876255149752,94.95394459707009,11.0
1009,1,Atypical,touch,Pinguin,-120.606216466492,-75827.0,2190,1380,0,-0.3409060414654567,3.906,7.797,1.0,0.00510204081632653,-1.1875,-7.18,1.3624999999999998,1.5999999999999996,145.61399999999998,17.0,0.0,0.0,0.041666666666666664,5.679021674422119,18.0,146.9875,17.0,33.1655,0.0,17.0,55.065940584902386,33.47984880766462,18.0
1009,1,Atypical,touch,Schmetterling,-186.131192018103,-160265.5,1980,1340,1,-0.3806400731146599,4.43,7.85,0.3333333333333333,0.002136752136752137,-2.312,-7.945,1.411,-0.47500000000000053,158.62099999999998,17.0,4.65,2.465,0.75,5.691326469022061,17.0,179.6365,16.0,10.327499999999999,28.194,4.0,82.81711961061038,45.56419321270815,20.0
1009,1,Atypical,touch,Seeloewe,-304.400870330213,-205325.0,1870,1220,0,-0.40145313731186155,4.348,7.875,0.05263157894736842,0.0005339028296849973,-5.105,-9.414,-2.9530000000000003,-0.4339999999999993,149.56099999999998,17.0,3.7669999999999995,3.7669999999999995,1.0,0.17601902325040447,20.0,221.144,0.0,0.0,42.194,21.0,46.43150387400727,85.84442051756527,20.0
1009,1,Atypical,touch,Wal,-277.730137873041,-177115.5,10220,9670,2,1.1784476449302645,4.02,7.723,0.125,0.0005310674455655868,-4.82,-9.46,-3.5730000000000004,-0.5150000000000006,146.208,17.0,3.4582999999999995,3.4582999999999995,1.0,0.30788095004842325,22.0,217.32299999999998,0.0,0.0600000000000005,42.3699,21.0,39.597979746446654,83.76453221196577,20.0
1010,1,Typical,click,Alligator,109.53003593534,97117.5,1070,621,1,-0.6251654249858282,4.45,7.72,1.0,0.0001318217769575534,-1.651,-11.46,3.199,-1.7800000000000011,145.1859,16.0,5.68,2.790000000000001,0.7916666666666666,2.046305650511986,22.0,255.92399999999998,4.0,14.643,48.59700000000001,18.0,75.12180909347863,53.99820243997104,18.0
1010,1,Typical,click,Chamaeleon,72.2526365947264,8157.0,1109,700,1,-0.5471250644881027,5.184,7.64,0.14285714285714285,0.00013747594171020073,-3.97,-11.42,-2.133,-3.9699999999999998,151.466,17.0,3.0470000000000015,2.112000000000001,1.0,0.32327882020439247,22.0,270.342,7.0,0.0,82.36999999999999,22.0,37.45162754661942,87.97747993854695,5.0
1010,1,Typical,click,Falke,925.17202758227,427328.5,1398,1061,1,0.031174017148888983,4.1,7.598,1.0,0.005917159763313609,-1.225,-7.05,6.791,5.500000000000001,140.834,17.0,0.0,0.0,0.041666666666666664,6.282913899443543,17.0,142.54299999999998,17.0,169.77300000000002,0.0,17.0,155.26518118772736,52.5185607843192,18.0
1010,1,Typical,click,Goldfisch,131.20346047761,78122.5,1630,1221,1,0.495414110366128,2.568,7.555,1.0,0.001451378809869376,-0.4539,-8.414,6.0731,3.2859999999999996,137.4658,17.0,0.3800000000000008,0.0,0.08333333333333333,5.254619675872444,18.0,162.2903,18.0,83.28269999999999,0.3800000000000008,19.0,130.99429335067194,65.66149375924455,19.0
1010,1,Typical,click,Hai,888.625167373037,494802.0,1413,580,1,0.061189540417244954,3.463,7.656,0.5,0.0010214504596527069,-1.455,-8.75,6.6850000000000005,1.0549999999999997,146.10299999999998,17.0,0.0,0.0,0.041666666666666664,3.5044191848582944,19.0,170.33700000000002,18.0,66.883,0.0,19.0,115.92960434836164,32.52035186190416,19.0
1010,1,Typical,click,Hund,33.0043472015232,16047.0,846,500,0,-1.0733972391266107,4.71,7.824,0.07142857142857142,0.0003957261574990107,-4.895,-9.766,1.2930000000000001,-0.8559999999999999,145.851,16.0,0.9599999999999991,0.9599999999999991,0.75,0.2733185827431956,19.0,224.609,0.0,16.677,5.531000000000001,16.0,60.38654795132443,41.35746029182099,16.0
1010,1,Typical,click,Kaninchen,158.393087538404,33907.5,1301,717,3,-0.16292636665314628,5.434,7.836,0.07142857142857142,0.0005599104143337066,-4.344,-9.39,0.8319999999999999,2.51,142.117,16.0,0.0,0.0,0.041666666666666664,0.22004211053077194,22.0,223.166,0.0,67.84799999999998,0.0,0.0,66.49600405715856,42.205436002072055,1.0
1010,1,Typical,click,Katze,-54.7234372406105,9744.5,861,580,1,-1.0433817158582548,5.355,7.812,0.1111111111111111,0.0004655493482309125,-4.63,-9.59,-0.06400000000000006,2.75,149.12400000000002,17.0,0.0,0.0,1.0,0.27924582434778517,22.0,223.119,0.0,61.901999999999994,0.06400000000000006,15.0,64.76828807422034,43.08931947855524,1.0
1010,1,Typical,click,Klapperschlange,948.30412683707,497354.5,1893,780,3,1.021686285004636,4.68,7.582,0.14285714285714285,9.127418765972983e-05,-4.254,-12.266,1.883,-0.5960000000000001,159.38500000000002,17.0,6.5600000000000005,1.8800000000000008,0.7916666666666666,0.3341395210556347,22.0,272.101,17.0,8.696000000000002,39.196,19.0,57.67892111225579,46.71186066420429,19.0
1010,1,Typical,click,Lachs,-162.958239073929,-99762.5,1157,740,2,-0.4510753900293636,3.541,7.77,1.0,0.0009478672985781991,-1.035,-8.805,10.285,1.1550000000000011,144.0922,18.0,0.0,0.0,0.041666666666666664,6.089705803380613,17.0,161.35778,17.0,101.29222,0.0,18.0,183.51630680482114,40.1096654152545,18.0
1010,1,Typical,click,Loewe,185.121927320627,136058.5,957,580,0,-0.8512823669407765,5.51,7.688,0.05,0.0002795638803466592,-5.027,-10.305,0.21499999999999986,-1.2889999999999997,152.458,17.0,2.63,2.63,0.9166666666666666,0.19016061941084472,20.0,230.844,0.0,0.8309999999999995,34.827,20.0,64.0926005884869,40.3879506035535,20.0
1010,1,Typical,click,Pferd,107.601454724931,33138.5,1165,772,1,-0.43506711095290707,4.496,7.67,0.022727272727272728,0.0003792188092529389,-6.055,-9.88,-0.12099999999999955,-2.243000000000001,147.17399999999998,17.0,3.4650000000000007,2.479000000000001,1.0,0.11968439300255372,20.0,227.091,0.0,0.3200000000000003,35.980000000000004,4.0,48.46719800578261,39.341101111093735,20.0
1010,1,Typical,click,Spatz,-52.7088693208145,2054.5,1021,660,1,-0.7232161343291243,4.57,7.566,1.0,0.0055248618784530384,-1.347,-7.027,8.363000000000001,2.9330000000000007,144.0912,17.0,0.0,0.0,0.041666666666666664,6.366632781654495,17.0,141.23298,17.0,117.94501999999999,0.0,17.0,126.0473080182301,32.63877843707358,18.0
1010,1,Atypical,click,Aal,1111.11538620712,630883.5,1350,1061,1,-0.06487565730985012,4.24,7.477,1.0,0.0019011406844106464,-1.614,-8.125,5.753,3.359,144.142,17.0,0.0,0.0,0.041666666666666664,5.350612693200015,18.0,165.81730000000002,18.0,117.51970000000001,0.0,19.0,143.91418385457848,60.76871534313391,19.0
1010,1,Atypical,click,Fledermaus,1133.25290104293,527201.0,1403,1051,2,0.04117919157167431,4.906,7.652,0.0018656716417910447,0.00028538812785388126,-8.734,-10.266,-5.031000000000001,-2.3259999999999996,165.516,16.0,0.0,0.0,1.0,0.013391970707803893,20.0,246.002,0.0,0.0,71.10400000000001,4.0,33.0876255149752,94.95394459707009,11.0
1010,1,Atypical,click,Pinguin,1201.81206653743,85267.5,1765,620,2,0.7655538197813317,3.906,7.797,1.0,0.00510204081632653,-1.1875,-7.18,1.3624999999999998,1.5999999999999996,145.61399999999998,17.0,0.0,0.0,0.041666666666666664,5.679021674422119,18.0,146.9875,17.0,33.1655,0.0,17.0,55.065940584902386,33.47984880766462,18.0
1010,1,Atypical,click,Schmetterling,695.97229606039,278940.5,1405,940,2,0.04518126134078843,4.43,7.85,0.3333333333333333,0.002136752136752137,-2.312,-7.945,1.411,-0.47500000000000053,158.62099999999998,17.0,4.65,2.465,0.75,5.691326469022061,17.0,179.6365,16.0,10.327499999999999,28.194,4.0,82.81711961061038,45.56419321270815,20.0
1010,1,Atypical,click,Seeloewe,1068.11414228586,562603.0,1445,1140,2,0.125222656723071,4.348,7.875,0.05263157894736842,0.0005339028296849973,-5.105,-9.414,-2.9530000000000003,-0.4339999999999993,149.56099999999998,17.0,3.7669999999999995,3.7669999999999995,1.0,0.17601902325040447,20.0,221.144,0.0,0.0,42.194,21.0,46.43150387400727,85.84442051756527,20.0
1010,1,Atypical,click,Wal,1226.62356612076,294484.0,3077,1013,2,3.3909115883202006,4.02,7.723,0.125,0.0005310674455655868,-4.82,-9.46,-3.5730000000000004,-0.5150000000000006,146.208,17.0,3.4582999999999995,3.4582999999999995,1.0,0.30788095004842325,22.0,217.32299999999998,0.0,0.0600000000000005,42.3699,21.0,39.597979746446654,83.76453221196577,20.0
1011,1,Typical,touch,Alligator,41.76156789088,23178.5,1191,1141,0,-0.6298415421117296,4.45,7.72,1.0,0.0001318217769575534,-1.651,-11.46,3.199,-1.7800000000000011,145.1859,16.0,5.68,2.790000000000001,0.7916666666666666,2.046305650511986,22.0,255.92399999999998,4.0,14.643,48.59700000000001,18.0,75.12180909347863,53.99820243997104,18.0
1011,1,Typical,touch,Chamaeleon,46.4097415080214,24481.5,1450,1340,0,-0.27894714284400385,5.184,7.64,0.14285714285714285,0.00013747594171020073,-3.97,-11.42,-2.133,-3.9699999999999998,151.466,17.0,3.0470000000000015,2.112000000000001,1.0,0.32327882020439247,22.0,270.342,7.0,0.0,82.36999999999999,22.0,37.45162754661942,87.97747993854695,5.0
1011,1,Typical,touch,Falke,40.4976169254148,20647.5,1210,1100,1,-0.6041002541345605,4.1,7.598,1.0,0.005917159763313609,-1.225,-7.05,6.791,5.500000000000001,140.834,17.0,0.0,0.0,0.041666666666666664,6.282913899443543,17.0,142.54299999999998,17.0,169.77300000000002,0.0,17.0,155.26518118772736,52.5185607843192,18.0
1011,1,Typical,touch,Goldfisch,-11.0573336938804,-411.5,1641,1341,0,-0.020179458441935784,2.568,7.555,1.0,0.001451378809869376,-0.4539,-8.414,6.0731,3.2859999999999996,137.4658,17.0,0.3800000000000008,0.0,0.08333333333333333,5.254619675872444,18.0,162.2903,18.0,83.28269999999999,0.3800000000000008,19.0,130.99429335067194,65.66149375924455,19.0
1011,1,Typical,touch,Hai,33.3300215153055,11877.5,1741,1501,0,0.11530100459579617,3.463,7.656,0.5,0.0010214504596527069,-1.455,-8.75,6.6850000000000005,1.0549999999999997,146.10299999999998,17.0,0.0,0.0,0.041666666666666664,3.5044191848582944,19.0,170.33700000000002,18.0,66.883,0.0,19.0,115.92960434836164,32.52035186190416,19.0
1011,1,Typical,touch,Hund,-15.0324054161226,-3110.5,943,853,0,-0.9658330904453049,4.71,7.824,0.07142857142857142,0.0003957261574990107,-4.895,-9.766,1.2930000000000001,-0.8559999999999999,145.851,16.0,0.9599999999999991,0.9599999999999991,0.75,0.2733185827431956,19.0,224.609,0.0,16.677,5.531000000000001,16.0,60.38654795132443,41.35746029182099,16.0
1011,1,Typical,touch,Kaninchen,32.5564794003309,9259.5,1060,990,0,-0.8073209486911584,5.434,7.836,0.07142857142857142,0.0005599104143337066,-4.344,-9.39,0.8319999999999999,2.51,142.117,16.0,0.0,0.0,0.041666666666666664,0.22004211053077194,22.0,223.166,0.0,67.84799999999998,0.0,0.0,66.49600405715856,42.205436002072055,1.0
1011,1,Typical,touch,Katze,36.8797368514022,17142.0,1371,1261,0,-0.38597670864381206,5.355,7.812,0.1111111111111111,0.0004655493482309125,-4.63,-9.59,-0.06400000000000006,2.75,149.12400000000002,17.0,0.0,0.0,1.0,0.27924582434778517,22.0,223.119,0.0,61.901999999999994,0.06400000000000006,15.0,64.76828807422034,43.08931947855524,1.0
1011,1,Typical,touch,Klapperschlange,-59.1233271715494,-6464.5,1780,1430,2,0.16813838518051163,4.68,7.582,0.14285714285714285,9.127418765972983e-05,-4.254,-12.266,1.883,-0.5960000000000001,159.38500000000002,17.0,6.5600000000000005,1.8800000000000008,0.7916666666666666,0.3341395210556347,22.0,272.101,17.0,8.696000000000002,39.196,19.0,57.67892111225579,46.71186066420429,19.0
1011,1,Typical,touch,Lachs,6.6048538112479,1514.0,1300,1220,0,-0.48216783740060176,3.541,7.77,1.0,0.0009478672985781991,-1.035,-8.805,10.285,1.1550000000000011,144.0922,18.0,0.0,0.0,0.041666666666666664,6.089705803380613,17.0,161.35778,17.0,101.29222,0.0,18.0,183.51630680482114,40.1096654152545,18.0
1011,1,Typical,touch,Loewe,31.523575153539,12273.5,1359,1269,0,-0.4022343642083399,5.51,7.688,0.05,0.0002795638803466592,-5.027,-10.305,0.21499999999999986,-1.2889999999999997,152.458,17.0,2.63,2.63,0.9166666666666666,0.19016061941084472,20.0,230.844,0.0,0.8309999999999995,34.827,20.0,64.0926005884869,40.3879506035535,20.0
1011,1,Typical,touch,Pferd,-14.4617566415053,-561.5,1128,958,0,-0.7151942338255007,4.496,7.67,0.022727272727272728,0.0003792188092529389,-6.055,-9.88,-0.12099999999999955,-2.243000000000001,147.17399999999998,17.0,3.4650000000000007,2.479000000000001,1.0,0.11968439300255372,20.0,227.091,0.0,0.3200000000000003,35.980000000000004,4.0,48.46719800578261,39.341101111093735,20.0
1011,1,Typical,touch,Spatz,-39.6415027564603,-19799.0,1350,1140,0,-0.41442760588173577,4.57,7.566,1.0,0.0055248618784530384,-1.347,-7.027,8.363000000000001,2.9330000000000007,144.0912,17.0,0.0,0.0,0.041666666666666664,6.366632781654495,17.0,141.23298,17.0,117.94501999999999,0.0,17.0,126.0473080182301,32.63877843707358,18.0
1011,1,Atypical,touch,Aal,-17.9332646274464,-2952.0,1456,973,1,-0.2708183150617399,4.24,7.477,1.0,0.0019011406844106464,-1.614,-8.125,5.753,3.359,144.142,17.0,0.0,0.0,0.041666666666666664,5.350612693200015,18.0,165.81730000000002,18.0,117.51970000000001,0.0,19.0,143.91418385457848,60.76871534313391,19.0
1011,1,Atypical,touch,Fledermaus,-50.820333972613,-21354.5,4231,4021,2,3.4887645342353224,4.906,7.652,0.0018656716417910447,0.00028538812785388126,-8.734,-10.266,-5.031000000000001,-2.3259999999999996,165.516,16.0,0.0,0.0,1.0,0.013391970707803893,20.0,246.002,0.0,0.0,71.10400000000001,4.0,33.0876255149752,94.95394459707009,11.0
1011,1,Atypical,touch,Pinguin,98.347484651242,65298.5,1770,1620,0,0.15459033887673845,3.906,7.797,1.0,0.00510204081632653,-1.1875,-7.18,1.3624999999999998,1.5999999999999996,145.61399999999998,17.0,0.0,0.0,0.041666666666666664,5.679021674422119,18.0,146.9875,17.0,33.1655,0.0,17.0,55.065940584902386,33.47984880766462,18.0
1011,1,Atypical,touch,Schmetterling,43.9740775991899,23013.5,1940,1700,0,0.3849071260408828,4.43,7.85,0.3333333333333333,0.002136752136752137,-2.312,-7.945,1.411,-0.47500000000000053,158.62099999999998,17.0,4.65,2.465,0.75,5.691326469022061,17.0,179.6365,16.0,10.327499999999999,28.194,4.0,82.81711961061038,45.56419321270815,20.0
1011,1,Atypical,touch,Seeloewe,32.972882974911,4476.5,2641,2501,2,1.3346251719353839,4.348,7.875,0.05263157894736842,0.0005339028296849973,-5.105,-9.414,-2.9530000000000003,-0.4339999999999993,149.56099999999998,17.0,3.7669999999999995,3.7669999999999995,1.0,0.17601902325040447,20.0,221.144,0.0,0.0,42.194,21.0,46.43150387400727,85.84442051756527,20.0
1011,1,Atypical,touch,Wal,-112.50535901961,-52906.5,1900,1620,1,0.33071494082579,4.02,7.723,0.125,0.0005310674455655868,-4.82,-9.46,-3.5730000000000004,-0.5150000000000006,146.208,17.0,3.4582999999999995,3.4582999999999995,1.0,0.30788095004842325,22.0,217.32299999999998,0.0,0.0600000000000005,42.3699,21.0,39.597979746446654,83.76453221196577,20.0
1012,0,Typical,touch,Lachs,253.377949677149,130091.0,1101,541,1,0.3655123236610474,3.541,7.77,1.0,0.0009478672985781991,-1.035,-8.805,10.285,1.1550000000000011,144.0922,18.0,0.0,0.0,0.041666666666666664,6.089705803380613,17.0,161.35778,17.0,101.29222,0.0,18.0,183.51630680482114,40.1096654152545,18.0
1012,0,Atypical,touch,Fledermaus,-47.1846888379027,-15393.0,840,470,1,-0.47093235240500414,4.906,7.652,0.0018656716417910447,0.00028538812785388126,-8.734,-10.266,-5.031000000000001,-2.3259999999999996,165.516,16.0,0.0,0.0,1.0,0.013391970707803893,20.0,246.002,0.0,0.0,71.10400000000001,4.0,33.0876255149752,94.95394459707009,11.0
1012,0,Atypical,touch,Seeloewe,512.445009725545,259488.5,1280,1180,2,0.9391659520741633,4.348,7.875,0.05263157894736842,0.0005339028296849973,-5.105,-9.414,-2.9530000000000003,-0.4339999999999993,149.56099999999998,17.0,3.7669999999999995,3.7669999999999995,1.0,0.17601902325040447,20.0,221.144,0.0,0.0,42.194,21.0,46.43150387400727,85.84442051756527,20.0
1012,1,Typical,touch,Alligator,49.2152064569212,30146.5,910,780,0,-0.24659853123786388,4.45,7.72,1.0,0.0001318217769575534,-1.651,-11.46,3.199,-1.7800000000000011,145.1859,16.0,5.68,2.790000000000001,0.7916666666666666,2.046305650511986,22.0,255.92399999999998,4.0,14.643,48.59700000000001,18.0,75.12180909347863,53.99820243997104,18.0
1012,1,Typical,touch,Chamaeleon,83.4963196522867,56408.5,800,660,2,-0.5991231073576557,5.184,7.64,0.14285714285714285,0.00013747594171020073,-3.97,-11.42,-2.133,-3.9699999999999998,151.466,17.0,3.0470000000000015,2.112000000000001,1.0,0.32327882020439247,22.0,270.342,7.0,0.0,82.36999999999999,22.0,37.45162754661942,87.97747993854695,5.0
1012,1,Typical,touch,Falke,661.228774660516,340802.0,1040,910,3,0.17002142235825377,4.1,7.598,1.0,0.005917159763313609,-1.225,-7.05,6.791,5.500000000000001,140.834,17.0,0.0,0.0,0.041666666666666664,6.282913899443543,17.0,142.54299999999998,17.0,169.77300000000002,0.0,17.0,155.26518118772736,52.5185607843192,18.0
1012,1,Typical,touch,Goldfisch,52.8239086256884,32243.5,990,700,1,0.009782978667439296,2.568,7.555,1.0,0.001451378809869376,-0.4539,-8.414,6.0731,3.2859999999999996,137.4658,17.0,0.3800000000000008,0.0,0.08333333333333333,5.254619675872444,18.0,162.2903,18.0,83.28269999999999,0.3800000000000008,19.0,130.99429335067194,65.66149375924455,19.0
1012,1,Typical,touch,Hai,48.5458400312938,21985.0,640,590,0,-1.111886127168262,3.463,7.656,0.5,0.0010214504596527069,-1.455,-8.75,6.6850000000000005,1.0549999999999997,146.10299999999998,17.0,0.0,0.0,0.041666666666666664,3.5044191848582944,19.0,170.33700000000002,18.0,66.883,0.0,19.0,115.92960434836164,32.52035186190416,19.0
1012,1,Typical,touch,Hund,136.312193667638,34899.5,1261,621,2,0.8782753434716537,4.71,7.824,0.07142857142857142,0.0003957261574990107,-4.895,-9.766,1.2930000000000001,-0.8559999999999999,145.851,16.0,0.9599999999999991,0.9599999999999991,0.75,0.2733185827431956,19.0,224.609,0.0,16.677,5.531000000000001,16.0,60.38654795132443,41.35746029182099,16.0
1012,1,Typical,touch,Kaninchen,265.763074609963,193985.5,840,750,1,-0.47093235240500414,5.434,7.836,0.07142857142857142,0.0005599104143337066,-4.344,-9.39,0.8319999999999999,2.51,142.117,16.0,0.0,0.0,0.041666666666666664,0.22004211053077194,22.0,223.166,0.0,67.84799999999998,0.0,0.0,66.49600405715856,42.205436002072055,1.0
1012,1,Typical,touch,Katze,57.2660724349579,34645.5,580,540,0,-1.3041722595972394,5.355,7.812,0.1111111111111111,0.0004655493482309125,-4.63,-9.59,-0.06400000000000006,2.75,149.12400000000002,17.0,0.0,0.0,1.0,0.27924582434778517,22.0,223.119,0.0,61.901999999999994,0.06400000000000006,15.0,64.76828807422034,43.08931947855524,1.0
1012,1,Typical,touch,Klapperschlange,27.5366273014351,8194.5,1150,740,0,0.5225459984780456,4.68,7.582,0.14285714285714285,9.127418765972983e-05,-4.254,-12.266,1.883,-0.5960000000000001,159.38500000000002,17.0,6.5600000000000005,1.8800000000000008,0.7916666666666666,0.3341395210556347,22.0,272.101,17.0,8.696000000000002,39.196,19.0,57.67892111225579,46.71186066420429,19.0
1012,1,Typical,touch,Loewe,131.770777330982,84623.0,690,590,1,-0.9516476834774475,5.51,7.688,0.05,0.0002795638803466592,-5.027,-10.305,0.21499999999999986,-1.2889999999999997,152.458,17.0,2.63,2.63,0.9166666666666666,0.19016061941084472,20.0,230.844,0.0,0.8309999999999995,34.827,20.0,64.0926005884869,40.3879506035535,20.0
1012,1,Typical,touch,Pferd,61.3847419353068,33441.0,1070,620,0,0.26616448857274244,4.496,7.67,0.022727272727272728,0.0003792188092529389,-6.055,-9.88,-0.12099999999999955,-2.243000000000001,147.17399999999998,17.0,3.4650000000000007,2.479000000000001,1.0,0.11968439300255372,20.0,227.091,0.0,0.3200000000000003,35.980000000000004,4.0,48.46719800578261,39.341101111093735,20.0
1012,1,Typical,touch,Spatz,167.754895269837,86987.5,910,790,1,-0.24659853123786388,4.57,7.566,1.0,0.0055248618784530384,-1.347,-7.027,8.363000000000001,2.9330000000000007,144.0912,17.0,0.0,0.0,0.041666666666666664,6.366632781654495,17.0,141.23298,17.0,117.94501999999999,0.0,17.0,126.0473080182301,32.63877843707358,18.0
1012,1,Atypical,touch,Aal,28.1069856942554,15948.0,630,540,0,-1.143933815906425,4.24,7.477,1.0,0.0019011406844106464,-1.614,-8.125,5.753,3.359,144.142,17.0,0.0,0.0,0.041666666666666664,5.350612693200015,18.0,165.81730000000002,18.0,117.51970000000001,0.0,19.0,143.91418385457848,60.76871534313391,19.0
1012,1,Atypical,touch,Pinguin,308.682432565377,162477.5,1020,860,2,0.10592604488192799,3.906,7.797,1.0,0.00510204081632653,-1.1875,-7.18,1.3624999999999998,1.5999999999999996,145.61399999999998,17.0,0.0,0.0,0.041666666666666664,5.679021674422119,18.0,146.9875,17.0,33.1655,0.0,17.0,55.065940584902386,33.47984880766462,18.0
1012,1,Atypical,touch,Schmetterling,-60.2246204517694,-28548.5,1960,1180,0,3.11840878626924,4.43,7.85,0.3333333333333333,0.002136752136752137,-2.312,-7.945,1.411,-0.47500000000000053,158.62099999999998,17.0,4.65,2.465,0.75,5.691326469022061,17.0,179.6365,16.0,10.327499999999999,28.194,4.0,82.81711961061038,45.56419321270815,20.0
1012,1,Atypical,touch,Wal,39.7448861853446,19425.5,1040,860,0,0.17002142235825377,4.02,7.723,0.125,0.0005310674455655868,-4.82,-9.46,-3.5730000000000004,-0.5150000000000006,146.208,17.0,3.4582999999999995,3.4582999999999995,1.0,0.30788095004842325,22.0,217.32299999999998,0.0,0.0600000000000005,42.3699,21.0,39.597979746446654,83.76453221196577,20.0
1013,0,Typical,click,Klapperschlange,1066.39459748117,471247.5,4005,1220,5,2.5864202613219947,4.68,7.582,0.14285714285714285,9.127418765972983e-05,-4.254,-12.266,1.883,-0.5960000000000001,159.38500000000002,17.0,6.5600000000000005,1.8800000000000008,0.7916666666666666,0.3341395210556347,22.0,272.101,17.0,8.696000000000002,39.196,19.0,57.67892111225579,46.71186066420429,19.0
1013,0,Atypical,click,Wal,-84.8530615800218,-47438.0,1685,820,1,-0.566756305292313,4.02,7.723,0.125,0.0005310674455655868,-4.82,-9.46,-3.5730000000000004,-0.5150000000000006,146.208,17.0,3.4582999999999995,3.4582999999999995,1.0,0.30788095004842325,22.0,217.32299999999998,0.0,0.0600000000000005,42.3699,21.0,39.597979746446654,83.76453221196577,20.0
1013,1,Typical,click,Alligator,974.474649133463,303162.0,2070,1205,4,-0.04349209057399045,4.45,7.72,1.0,0.0001318217769575534,-1.651,-11.46,3.199,-1.7800000000000011,145.1859,16.0,5.68,2.790000000000001,0.7916666666666666,2.046305650511986,22.0,255.92399999999998,4.0,14.643,48.59700000000001,18.0,75.12180909347863,53.99820243997104,18.0
1013,1,Typical,click,Chamaeleon,-102.99387834932,-29700.0,2270,1460,0,0.22833347551344985,5.184,7.64,0.14285714285714285,0.00013747594171020073,-3.97,-11.42,-2.133,-3.9699999999999998,151.466,17.0,3.0470000000000015,2.112000000000001,1.0,0.32327882020439247,22.0,270.342,7.0,0.0,82.36999999999999,22.0,37.45162754661942,87.97747993854695,5.0
1013,1,Typical,click,Falke,-57.2651611686796,-19818.5,1933,1220,1,-0.22969260334388705,4.1,7.598,1.0,0.005917159763313609,-1.225,-7.05,6.791,5.500000000000001,140.834,17.0,0.0,0.0,0.041666666666666664,6.282913899443543,17.0,142.54299999999998,17.0,169.77300000000002,0.0,17.0,155.26518118772736,52.5185607843192,18.0
1013,1,Typical,click,Goldfisch,443.297249122518,211446.5,3278,1060,5,1.598334328594149,2.568,7.555,1.0,0.001451378809869376,-0.4539,-8.414,6.0731,3.2859999999999996,137.4658,17.0,0.3800000000000008,0.0,0.08333333333333333,5.254619675872444,18.0,162.2903,18.0,83.28269999999999,0.3800000000000008,19.0,130.99429335067194,65.66149375924455,19.0
1013,1,Typical,click,Hai,-81.1960572486959,-3901.0,2301,1660,0,0.2704664382570031,3.463,7.656,0.5,0.0010214504596527069,-1.455,-8.75,6.6850000000000005,1.0549999999999997,146.10299999999998,17.0,0.0,0.0,0.041666666666666664,3.5044191848582944,19.0,170.33700000000002,18.0,66.883,0.0,19.0,115.92960434836164,32.52035186190416,19.0
1013,1,Typical,click,Hund,81.0101059756574,40468.0,1462,990,2,-0.869841811479809,4.71,7.824,0.07142857142857142,0.0003957261574990107,-4.895,-9.766,1.2930000000000001,-0.8559999999999999,145.851,16.0,0.9599999999999991,0.9599999999999991,0.75,0.2733185827431956,19.0,224.609,0.0,16.677,5.531000000000001,16.0,60.38654795132443,41.35746029182099,16.0
1013,1,Typical,click,Kaninchen,-71.9393612511576,-25488.5,1781,1220,1,-0.4362800335703417,5.434,7.836,0.07142857142857142,0.0005599104143337066,-4.344,-9.39,0.8319999999999999,2.51,142.117,16.0,0.0,0.0,0.041666666666666664,0.22004211053077194,22.0,223.166,0.0,67.84799999999998,0.0,0.0,66.49600405715856,42.205436002072055,1.0
1013,1,Typical,click,Katze,53.3791254813058,1831.0,1341,860,0,-1.0342962789627104,5.355,7.812,0.1111111111111111,0.0004655493482309125,-4.63,-9.59,-0.06400000000000006,2.75,149.12400000000002,17.0,0.0,0.0,1.0,0.27924582434778517,22.0,223.119,0.0,61.901999999999994,0.06400000000000006,15.0,64.76828807422034,43.08931947855524,1.0
1013,1,Typical,click,Lachs,92.5098953884545,-23980.0,1453,1180,2,-0.8820739619537438,3.541,7.77,1.0,0.0009478672985781991,-1.035,-8.805,10.285,1.1550000000000011,144.0922,18.0,0.0,0.0,0.041666666666666664,6.089705803380613,17.0,161.35778,17.0,101.29222,0.0,18.0,183.51630680482114,40.1096654152545,18.0
1013,1,Typical,click,Loewe,-91.1882750055086,-43419.0,1638,1220,1,-0.6306353133228615,5.51,7.688,0.05,0.0002795638803466592,-5.027,-10.305,0.21499999999999986,-1.2889999999999997,152.458,17.0,2.63,2.63,0.9166666666666666,0.19016061941084472,20.0,230.844,0.0,0.8309999999999995,34.827,20.0,64.0926005884869,40.3879506035535,20.0
1013,1,Typical,click,Pferd,263.153973073349,180671.5,1566,1190,3,-0.72849251711434,4.496,7.67,0.022727272727272728,0.0003792188092529389,-6.055,-9.88,-0.12099999999999955,-2.243000000000001,147.17399999999998,17.0,3.4650000000000007,2.479000000000001,1.0,0.11968439300255372,20.0,227.091,0.0,0.3200000000000003,35.980000000000004,4.0,48.46719800578261,39.341101111093735,20.0
1013,1,Typical,click,Spatz,-131.698766801775,-90646.5,2245,1460,1,0.19435527975251982,4.57,7.566,1.0,0.0055248618784530384,-1.347,-7.027,8.363000000000001,2.9330000000000007,144.0912,17.0,0.0,0.0,0.041666666666666664,6.366632781654495,17.0,141.23298,17.0,117.94501999999999,0.0,17.0,126.0473080182301,32.63877843707358,18.0
1013,1,Atypical,click,Aal,90.5863025227718,57959.0,3542,901,1,1.9571440758295702,4.24,7.477,1.0,0.0019011406844106464,-1.614,-8.125,5.753,3.359,144.142,17.0,0.0,0.0,0.041666666666666664,5.350612693200015,18.0,165.81730000000002,18.0,117.51970000000001,0.0,19.0,143.91418385457848,60.76871534313391,19.0
1013,1,Atypical,click,Fledermaus,-62.5630877394335,-36012.5,1750,1278,2,-0.47841299631389494,4.906,7.652,0.0018656716417910447,0.00028538812785388126,-8.734,-10.266,-5.031000000000001,-2.3259999999999996,165.516,16.0,0.0,0.0,1.0,0.013391970707803893,20.0,246.002,0.0,0.0,71.10400000000001,4.0,33.0876255149752,94.95394459707009,11.0
1013,1,Atypical,click,Pinguin,860.116301633303,452569.0,2078,1660,4,-0.03261906793049284,3.906,7.797,1.0,0.00510204081632653,-1.1875,-7.18,1.3624999999999998,1.5999999999999996,145.61399999999998,17.0,0.0,0.0,0.041666666666666664,5.679021674422119,18.0,146.9875,17.0,33.1655,0.0,17.0,55.065940584902386,33.47984880766462,18.0
1013,1,Atypical,click,Schmetterling,246.315187578456,50202.5,1854,1342,3,-0.337063701948426,4.43,7.85,0.3333333333333333,0.002136752136752137,-2.312,-7.945,1.411,-0.47500000000000053,158.62099999999998,17.0,4.65,2.465,0.75,5.691326469022061,17.0,179.6365,16.0,10.327499999999999,28.194,4.0,82.81711961061038,45.56419321270815,20.0
1013,1,Atypical,click,Seeloewe,853.847899700275,451784.0,1686,1261,3,-0.5653971774618758,4.348,7.875,0.05263157894736842,0.0005339028296849973,-5.105,-9.414,-2.9530000000000003,-0.4339999999999993,149.56099999999998,17.0,3.7669999999999995,3.7669999999999995,1.0,0.17601902325040447,20.0,221.144,0.0,0.0,42.194,21.0,46.43150387400727,85.84442051756527,20.0
1014,0,Typical,click,Hai,920.388374517491,53261.5,2406,870,4,2.84895580931733,3.463,7.656,0.5,0.0010214504596527069,-1.455,-8.75,6.6850000000000005,1.0549999999999997,146.10299999999998,17.0,0.0,0.0,0.041666666666666664,3.5044191848582944,19.0,170.33700000000002,18.0,66.883,0.0,19.0,115.92960434836164,32.52035186190416,19.0
1014,0,Typical,click,Klapperschlange,173.431856783907,57030.5,1477,684,3,0.5139391400073284,4.68,7.582,0.14285714285714285,9.127418765972983e-05,-4.254,-12.266,1.883,-0.5960000000000001,159.38500000000002,17.0,6.5600000000000005,1.8800000000000008,0.7916666666666666,0.3341395210556347,22.0,272.101,17.0,8.696000000000002,39.196,19.0,57.67892111225579,46.71186066420429,19.0
1014,0,Atypical,click,Fledermaus,-39.7438399414379,-12078.0,1125,660,0,-0.3708034515934473,4.906,7.652,0.0018656716417910447,0.00028538812785388126,-8.734,-10.266,-5.031000000000001,-2.3259999999999996,165.516,16.0,0.0,0.0,1.0,0.013391970707803893,20.0,246.002,0.0,0.0,71.10400000000001,4.0,33.0876255149752,94.95394459707009,11.0
1014,1,Typical,click,Alligator,877.487313664992,411312.0,1222,790,2,-0.12699654424891535,4.45,7.72,1.0,0.0001318217769575534,-1.651,-11.46,3.199,-1.7800000000000011,145.1859,16.0,5.68,2.790000000000001,0.7916666666666666,2.046305650511986,22.0,255.92399999999998,4.0,14.643,48.59700000000001,18.0,75.12180909347863,53.99820243997104,18.0
1014,1,Typical,click,Chamaeleon,-111.605639151444,10383.0,1310,685,1,0.09418910365127858,5.184,7.64,0.14285714285714285,0.00013747594171020073,-3.97,-11.42,-2.133,-3.9699999999999998,151.466,17.0,3.0470000000000015,2.112000000000001,1.0,0.32327882020439247,22.0,270.342,7.0,0.0,82.36999999999999,22.0,37.45162754661942,87.97747993854695,5.0
1014,1,Typical,click,Falke,928.412881125689,382682.5,1189,860,1,-0.2099411622114881,4.1,7.598,1.0,0.005917159763313609,-1.225,-7.05,6.791,5.500000000000001,140.834,17.0,0.0,0.0,0.041666666666666664,6.282913899443543,17.0,142.54299999999998,17.0,169.77300000000002,0.0,17.0,155.26518118772736,52.5185607843192,18.0
1014,1,Typical,click,Goldfisch,468.602426561109,363296.0,1293,980,2,0.051460058034195656,2.568,7.555,1.0,0.001451378809869376,-0.4539,-8.414,6.0731,3.2859999999999996,137.4658,17.0,0.3800000000000008,0.0,0.08333333333333333,5.254619675872444,18.0,162.2903,18.0,83.28269999999999,0.3800000000000008,19.0,130.99429335067194,65.66149375924455,19.0
1014,1,Typical,click,Hund,960.78740111805,501230.0,1311,990,1,0.0967025769228717,4.71,7.824,0.07142857142857142,0.0003957261574990107,-4.895,-9.766,1.2930000000000001,-0.8559999999999999,145.851,16.0,0.9599999999999991,0.9599999999999991,0.75,0.2733185827431956,19.0,224.609,0.0,16.677,5.531000000000001,16.0,60.38654795132443,41.35746029182099,16.0
1014,1,Typical,click,Kaninchen,73.8403776772093,62252.5,1174,660,1,-0.24764326128538477,5.434,7.836,0.07142857142857142,0.0005599104143337066,-4.344,-9.39,0.8319999999999999,2.51,142.117,16.0,0.0,0.0,0.041666666666666664,0.22004211053077194,22.0,223.166,0.0,67.84799999999998,0.0,0.0,66.49600405715856,42.205436002072055,1.0
1014,1,Typical,click,Katze,937.682900346709,467137.0,1325,900,1,0.13189120272517527,5.355,7.812,0.1111111111111111,0.0004655493482309125,-4.63,-9.59,-0.06400000000000006,2.75,149.12400000000002,17.0,0.0,0.0,1.0,0.27924582434778517,22.0,223.119,0.0,61.901999999999994,0.06400000000000006,15.0,64.76828807422034,43.08931947855524,1.0
1014,1,Typical,click,Lachs,360.433958041838,204015.5,1021,460,2,-0.6322046718391311,3.541,7.77,1.0,0.0009478672985781991,-1.035,-8.805,10.285,1.1550000000000011,144.0922,18.0,0.0,0.0,0.041666666666666664,6.089705803380613,17.0,161.35778,17.0,101.29222,0.0,18.0,183.51630680482114,40.1096654152545,18.0
1014,1,Typical,click,Loewe,303.770982380261,144229.5,1021,532,1,-0.6322046718391311,5.51,7.688,0.05,0.0002795638803466592,-5.027,-10.305,0.21499999999999986,-1.2889999999999997,152.458,17.0,2.63,2.63,0.9166666666666666,0.19016061941084472,20.0,230.844,0.0,0.8309999999999995,34.827,20.0,64.0926005884869,40.3879506035535,20.0
1014,1,Typical,click,Pferd,215.433219462632,150921.0,750,420,1,-1.3133559284408647,4.496,7.67,0.022727272727272728,0.0003792188092529389,-6.055,-9.88,-0.12099999999999955,-2.243000000000001,147.17399999999998,17.0,3.4650000000000007,2.479000000000001,1.0,0.11968439300255372,20.0,227.091,0.0,0.3200000000000003,35.980000000000004,4.0,48.46719800578261,39.341101111093735,20.0
1014,1,Typical,click,Spatz,143.613027552313,77850.5,926,430,0,-0.8709846326404768,4.57,7.566,1.0,0.0055248618784530384,-1.347,-7.027,8.363000000000001,2.9330000000000007,144.0912,17.0,0.0,0.0,0.041666666666666664,6.366632781654495,17.0,141.23298,17.0,117.94501999999999,0.0,17.0,126.0473080182301,32.63877843707358,18.0
1014,1,Atypical,click,Aal,119.782663417174,106243.5,885,420,0,-0.9740370367757945,4.24,7.477,1.0,0.0019011406844106464,-1.614,-8.125,5.753,3.359,144.142,17.0,0.0,0.0,0.041666666666666664,5.350612693200015,18.0,165.81730000000002,18.0,117.51970000000001,0.0,19.0,143.91418385457848,60.76871534313391,19.0
1014,1,Atypical,click,Pinguin,559.815214068895,268105.5,1544,640,1,0.682341849204067,3.906,7.797,1.0,0.00510204081632653,-1.1875,-7.18,1.3624999999999998,1.5999999999999996,145.61399999999998,17.0,0.0,0.0,0.041666666666666664,5.679021674422119,18.0,146.9875,17.0,33.1655,0.0,17.0,55.065940584902386,33.47984880766462,18.0
1014,1,Atypical,click,Schmetterling,155.040557930749,80574.0,989,540,1,-0.7126358165301107,4.43,7.85,0.3333333333333333,0.002136752136752137,-2.312,-7.945,1.411,-0.47500000000000053,158.62099999999998,17.0,4.65,2.465,0.75,5.691326469022061,17.0,179.6365,16.0,10.327499999999999,28.194,4.0,82.81711961061038,45.56419321270815,20.0
1014,1,Atypical,click,Seeloewe,92.5807662479117,45762.0,2069,900,4,2.001915316790451,4.348,7.875,0.05263157894736842,0.0005339028296849973,-5.105,-9.414,-2.9530000000000003,-0.4339999999999993,149.56099999999998,17.0,3.7669999999999995,3.7669999999999995,1.0,0.17601902325040447,20.0,221.144,0.0,0.0,42.194,21.0,46.43150387400727,85.84442051756527,20.0
1014,1,Atypical,click,Wal,154.34751238638,-44259.5,1141,500,3,-0.3305878792479575,4.02,7.723,0.125,0.0005310674455655868,-4.82,-9.46,-3.5730000000000004,-0.5150000000000006,146.208,17.0,3.4582999999999995,3.4582999999999995,1.0,0.30788095004842325,22.0,217.32299999999998,0.0,0.0600000000000005,42.3699,21.0,39.597979746446654,83.76453221196577,20.0
1015,0,Atypical,click,Pinguin,-84.2315632530286,-12308.5,1837,1420,1,0.9190135958042529,3.906,7.797,1.0,0.00510204081632653,-1.1875,-7.18,1.3624999999999998,1.5999999999999996,145.61399999999998,17.0,0.0,0.0,0.041666666666666664,5.679021674422119,18.0,146.9875,17.0,33.1655,0.0,17.0,55.065940584902386,33.47984880766462,18.0
1015,1,Typical,click,Alligator,-89.3342289055159,-46392.0,1853,1420,3,0.9739664150655615,4.45,7.72,1.0,0.0001318217769575534,-1.651,-11.46,3.199,-1.7800000000000011,145.1859,16.0,5.68,2.790000000000001,0.7916666666666666,2.046305650511986,22.0,255.92399999999998,4.0,14.643,48.59700000000001,18.0,75.12180909347863,53.99820243997104,18.0
1015,1,Typical,click,Chamaeleon,44.6246325683983,19376.0,1285,940,1,-0.9768586687108937,5.184,7.64,0.14285714285714285,0.00013747594171020073,-3.97,-11.42,-2.133,-3.9699999999999998,151.466,17.0,3.0470000000000015,2.112000000000001,1.0,0.32327882020439247,22.0,270.342,7.0,0.0,82.36999999999999,22.0,37.45162754661942,87.97747993854695,5.0
1015,1,Typical,click,Falke,-101.336229656762,-51741.5,1285,860,1,-0.9768586687108937,4.1,7.598,1.0,0.005917159763313609,-1.225,-7.05,6.791,5.500000000000001,140.834,17.0,0.0,0.0,0.041666666666666664,6.282913899443543,17.0,142.54299999999998,17.0,169.77300000000002,0.0,17.0,155.26518118772736,52.5185607843192,18.0
1015,1,Typical,click,Goldfisch,-75.1488436853194,-35211.0,1285,741,2,-0.9768586687108937,2.568,7.555,1.0,0.001451378809869376,-0.4539,-8.414,6.0731,3.2859999999999996,137.4658,17.0,0.3800000000000008,0.0,0.08333333333333333,5.254619675872444,18.0,162.2903,18.0,83.28269999999999,0.3800000000000008,19.0,130.99429335067194,65.66149375924455,19.0
1015,1,Typical,click,Hai,-41.0422299600245,-10882.5,1181,821,1,-1.3340519939093995,3.463,7.656,0.5,0.0010214504596527069,-1.455,-8.75,6.6850000000000005,1.0549999999999997,146.10299999999998,17.0,0.0,0.0,0.041666666666666664,3.5044191848582944,19.0,170.33700000000002,18.0,66.883,0.0,19.0,115.92960434836164,32.52035186190416,19.0
1015,1,Typical,click,Hund,-51.1328643279213,-17862.0,1390,910,0,-0.6162307923085559,4.71,7.824,0.07142857142857142,0.0003957261574990107,-4.895,-9.766,1.2930000000000001,-0.8559999999999999,145.851,16.0,0.9599999999999991,0.9599999999999991,0.75,0.2733185827431956,19.0,224.609,0.0,16.677,5.531000000000001,16.0,60.38654795132443,41.35746029182099,16.0
1015,1,Typical,click,Kaninchen,-35.245201153663,-20445.0,1501,1116,0,-0.23499560868322758,5.434,7.836,0.07142857142857142,0.0005599104143337066,-4.344,-9.39,0.8319999999999999,2.51,142.117,16.0,0.0,0.0,0.041666666666666664,0.22004211053077194,22.0,223.166,0.0,67.84799999999998,0.0,0.0,66.49600405715856,42.205436002072055,1.0
1015,1,Typical,click,Katze,1192.96045127798,574260.0,1597,660,1,0.09472130688462399,5.355,7.812,0.1111111111111111,0.0004655493482309125,-4.63,-9.59,-0.06400000000000006,2.75,149.12400000000002,17.0,0.0,0.0,1.0,0.27924582434778517,22.0,223.119,0.0,61.901999999999994,0.06400000000000006,15.0,64.76828807422034,43.08931947855524,1.0
1015,1,Typical,click,Klapperschlange,-56.892097299493,14915.5,1581,1060,2,0.03976848762331539,4.68,7.582,0.14285714285714285,9.127418765972983e-05,-4.254,-12.266,1.883,-0.5960000000000001,159.38500000000002,17.0,6.5600000000000005,1.8800000000000008,0.7916666666666666,0.3341395210556347,22.0,272.101,17.0,8.696000000000002,39.196,19.0,57.67892111225579,46.71186066420429,19.0
1015,1,Typical,click,Lachs,29.0753514483412,14261.0,1549,1260,0,-0.07013715089930181,3.541,7.77,1.0,0.0009478672985781991,-1.035,-8.805,10.285,1.1550000000000011,144.0922,18.0,0.0,0.0,0.041666666666666664,6.089705803380613,17.0,161.35778,17.0,101.29222,0.0,18.0,183.51630680482114,40.1096654152545,18.0
1015,1,Typical,click,Loewe,1089.18868082343,605769.5,1717,1300,1,0.5068674513444384,5.51,7.688,0.05,0.0002795638803466592,-5.027,-10.305,0.21499999999999986,-1.2889999999999997,152.458,17.0,2.63,2.63,0.9166666666666666,0.19016061941084472,20.0,230.844,0.0,0.8309999999999995,34.827,20.0,64.0926005884869,40.3879506035535,20.0
1015,1,Typical,click,Pferd,-13.377670351857,-2718.0,1295,942,0,-0.9425131566725757,4.496,7.67,0.022727272727272728,0.0003792188092529389,-6.055,-9.88,-0.12099999999999955,-2.243000000000001,147.17399999999998,17.0,3.4650000000000007,2.479000000000001,1.0,0.11968439300255372,20.0,227.091,0.0,0.3200000000000003,35.980000000000004,4.0,48.46719800578261,39.341101111093735,20.0
1015,1,Typical,click,Spatz,-92.210550585736,-32520.5,1277,820,1,-1.004335078341548,4.57,7.566,1.0,0.0055248618784530384,-1.347,-7.027,8.363000000000001,2.9330000000000007,144.0912,17.0,0.0,0.0,0.041666666666666664,6.366632781654495,17.0,141.23298,17.0,117.94501999999999,0.0,17.0,126.0473080182301,32.63877843707358,18.0
1015,1,Atypical,click,Aal,-93.0387327139256,-40501.0,1549,900,0,-0.07013715089930181,4.24,7.477,1.0,0.0019011406844106464,-1.614,-8.125,5.753,3.359,144.142,17.0,0.0,0.0,0.041666666666666664,5.350612693200015,18.0,165.81730000000002,18.0,117.51970000000001,0.0,19.0,143.91418385457848,60.76871534313391,19.0
1015,1,Atypical,click,Fledermaus,790.413685176798,393747.0,2038,1620,2,1.6093583877744422,4.906,7.652,0.0018656716417910447,0.00028538812785388126,-8.734,-10.266,-5.031000000000001,-2.3259999999999996,165.516,16.0,0.0,0.0,1.0,0.013391970707803893,20.0,246.002,0.0,0.0,71.10400000000001,4.0,33.0876255149752,94.95394459707009,11.0
1015,1,Atypical,click,Schmetterling,-127.169265309581,-70239.0,1525,1060,2,-0.1525663797912647,4.43,7.85,0.3333333333333333,0.002136752136752137,-2.312,-7.945,1.411,-0.47500000000000053,158.62099999999998,17.0,4.65,2.465,0.75,5.691326469022061,17.0,179.6365,16.0,10.327499999999999,28.194,4.0,82.81711961061038,45.56419321270815,20.0
1015,1,Atypical,click,Seeloewe,946.232158884878,443135.5,2261,2020,1,2.3752633062289306,4.348,7.875,0.05263157894736842,0.0005339028296849973,-5.105,-9.414,-2.9530000000000003,-0.4339999999999993,149.56099999999998,17.0,3.7669999999999995,3.7669999999999995,1.0,0.17601902325040447,20.0,221.144,0.0,0.0,42.194,21.0,46.43150387400727,85.84442051756527,20.0
1015,1,Atypical,click,Wal,1133.45258081561,19028.0,1813,1500,3,0.83658436691229,4.02,7.723,0.125,0.0005310674455655868,-4.82,-9.46,-3.5730000000000004,-0.5150000000000006,146.208,17.0,3.4582999999999995,3.4582999999999995,1.0,0.30788095004842325,22.0,217.32299999999998,0.0,0.0600000000000005,42.3699,21.0,39.597979746446654,83.76453221196577,20.0
1016,0,Typical,touch,Klapperschlange,305.204249428956,147226.0,3340,780,2,3.014267215554228,4.68,7.582,0.14285714285714285,9.127418765972983e-05,-4.254,-12.266,1.883,-0.5960000000000001,159.38500000000002,17.0,6.5600000000000005,1.8800000000000008,0.7916666666666666,0.3341395210556347,22.0,272.101,17.0,8.696000000000002,39.196,19.0,57.67892111225579,46.71186066420429,19.0
1016,1,Typical,touch,Alligator,77.9320164105604,30331.5,1470,1300,1,-0.1561565312972144,4.45,7.72,1.0,0.0001318217769575534,-1.651,-11.46,3.199,-1.7800000000000011,145.1859,16.0,5.68,2.790000000000001,0.7916666666666666,2.046305650511986,22.0,255.92399999999998,4.0,14.643,48.59700000000001,18.0,75.12180909347863,53.99820243997104,18.0
1016,1,Typical,touch,Chamaeleon,96.6112721573204,40945.0,1550,1460,2,-0.02052342982763398,5.184,7.64,0.14285714285714285,0.00013747594171020073,-3.97,-11.42,-2.133,-3.9699999999999998,151.466,17.0,3.0470000000000015,2.112000000000001,1.0,0.32327882020439247,22.0,270.342,7.0,0.0,82.36999999999999,22.0,37.45162754661942,87.97747993854695,5.0
1016,1,Typical,touch,Falke,514.323708275501,265404.0,1040,450,2,-0.8851844516962092,4.1,7.598,1.0,0.005917159763313609,-1.225,-7.05,6.791,5.500000000000001,140.834,17.0,0.0,0.0,0.041666666666666664,6.282913899443543,17.0,142.54299999999998,17.0,169.77300000000002,0.0,17.0,155.26518118772736,52.5185607843192,18.0
1016,1,Typical,touch,Goldfisch,43.4549951675348,17279.5,1370,1220,0,-0.32569790813419,2.568,7.555,1.0,0.001451378809869376,-0.4539,-8.414,6.0731,3.2859999999999996,137.4658,17.0,0.3800000000000008,0.0,0.08333333333333333,5.254619675872444,18.0,162.2903,18.0,83.28269999999999,0.3800000000000008,19.0,130.99429335067194,65.66149375924455,19.0
1016,1,Typical,touch,Hai,84.3825387799023,33744.5,1630,1300,1,0.11510967164194645,3.463,7.656,0.5,0.0010214504596527069,-1.455,-8.75,6.6850000000000005,1.0549999999999997,146.10299999999998,17.0,0.0,0.0,0.041666666666666664,3.5044191848582944,19.0,170.33700000000002,18.0,66.883,0.0,19.0,115.92960434836164,32.52035186190416,19.0
1016,1,Typical,touch,Hund,20.2588252143858,7025.5,1110,1020,1,-0.7665054879103264,4.71,7.824,0.07142857142857142,0.0003957261574990107,-4.895,-9.766,1.2930000000000001,-0.8559999999999999,145.851,16.0,0.9599999999999991,0.9599999999999991,0.75,0.2733185827431956,19.0,224.609,0.0,16.677,5.531000000000001,16.0,60.38654795132443,41.35746029182099,16.0
1016,1,Typical,touch,Kaninchen,75.0104655872179,38283.0,860,700,0,-1.1903589300027653,5.434,7.836,0.07142857142857142,0.0005599104143337066,-4.344,-9.39,0.8319999999999999,2.51,142.117,16.0,0.0,0.0,0.041666666666666664,0.22004211053077194,22.0,223.166,0.0,67.84799999999998,0.0,0.0,66.49600405715856,42.205436002072055,1.0
1016,1,Typical,touch,Katze,-48.31494385523,-7261.0,1340,1300,0,-0.3765603211852826,5.355,7.812,0.1111111111111111,0.0004655493482309125,-4.63,-9.59,-0.06400000000000006,2.75,149.12400000000002,17.0,0.0,0.0,1.0,0.27924582434778517,22.0,223.119,0.0,61.901999999999994,0.06400000000000006,15.0,64.76828807422034,43.08931947855524,1.0
1016,1,Typical,touch,Lachs,233.031686154643,137330.5,1350,980,2,-0.3596061835015851,3.541,7.77,1.0,0.0009478672985781991,-1.035,-8.805,10.285,1.1550000000000011,144.0922,18.0,0.0,0.0,0.041666666666666664,6.089705803380613,17.0,161.35778,17.0,101.29222,0.0,18.0,183.51630680482114,40.1096654152545,18.0
1016,1,Typical,touch,Loewe,94.8387583141381,59915.5,1060,910,0,-0.8512761763288141,5.51,7.688,0.05,0.0002795638803466592,-5.027,-10.305,0.21499999999999986,-1.2889999999999997,152.458,17.0,2.63,2.63,0.9166666666666666,0.19016061941084472,20.0,230.844,0.0,0.8309999999999995,34.827,20.0,64.0926005884869,40.3879506035535,20.0
1016,1,Typical,touch,Pferd,214.189884788985,83042.5,1530,1220,1,-0.05443170519502909,4.496,7.67,0.022727272727272728,0.0003792188092529389,-6.055,-9.88,-0.12099999999999955,-2.243000000000001,147.17399999999998,17.0,3.4650000000000007,2.479000000000001,1.0,0.11968439300255372,20.0,227.091,0.0,0.3200000000000003,35.980000000000004,4.0,48.46719800578261,39.341101111093735,20.0
1016,1,Typical,touch,Spatz,432.62986192782,211416.5,1600,1070,1,0.06424725859085378,4.57,7.566,1.0,0.0055248618784530384,-1.347,-7.027,8.363000000000001,2.9330000000000007,144.0912,17.0,0.0,0.0,0.041666666666666664,6.366632781654495,17.0,141.23298,17.0,117.94501999999999,0.0,17.0,126.0473080182301,32.63877843707358,18.0
1016,1,Atypical,touch,Aal,232.052356251135,125171.0,1350,1220,1,-0.3596061835015851,4.24,7.477,1.0,0.0019011406844106464,-1.614,-8.125,5.753,3.359,144.142,17.0,0.0,0.0,0.041666666666666664,5.350612693200015,18.0,165.81730000000002,18.0,117.51970000000001,0.0,19.0,143.91418385457848,60.76871534313391,19.0
1016,1,Atypical,touch,Fledermaus,203.804977005838,101603.5,2700,1740,1,1.9292024037975848,4.906,7.652,0.0018656716417910447,0.00028538812785388126,-8.734,-10.266,-5.031000000000001,-2.3259999999999996,165.516,16.0,0.0,0.0,1.0,0.013391970707803893,20.0,246.002,0.0,0.0,71.10400000000001,4.0,33.0876255149752,94.95394459707009,11.0
1016,1,Atypical,touch,Pinguin,90.6237789279504,48865.0,1880,1860,1,0.5389631137343853,3.906,7.797,1.0,0.00510204081632653,-1.1875,-7.18,1.3624999999999998,1.5999999999999996,145.61399999999998,17.0,0.0,0.0,0.041666666666666664,5.679021674422119,18.0,146.9875,17.0,33.1655,0.0,17.0,55.065940584902386,33.47984880766462,18.0
1016,1,Atypical,touch,Schmetterling,49.7713514819772,26703.5,1320,1190,0,-0.4104685965526777,4.43,7.85,0.3333333333333333,0.002136752136752137,-2.312,-7.945,1.411,-0.47500000000000053,158.62099999999998,17.0,4.65,2.465,0.75,5.691326469022061,17.0,179.6365,16.0,10.327499999999999,28.194,4.0,82.81711961061038,45.56419321270815,20.0
1016,1,Atypical,touch,Seeloewe,101.177523254287,41639.5,1930,1870,2,0.6237338021528731,4.348,7.875,0.05263157894736842,0.0005339028296849973,-5.105,-9.414,-2.9530000000000003,-0.4339999999999993,149.56099999999998,17.0,3.7669999999999995,3.7669999999999995,1.0,0.17601902325040447,20.0,221.144,0.0,0.0,42.194,21.0,46.43150387400727,85.84442051756527,20.0
1016,1,Atypical,touch,Wal,-93.9786055324775,-28225.5,1250,620,1,-0.5291475603385606,4.02,7.723,0.125,0.0005310674455655868,-4.82,-9.46,-3.5730000000000004,-0.5150000000000006,146.208,17.0,3.4582999999999995,3.4582999999999995,1.0,0.30788095004842325,22.0,217.32299999999998,0.0,0.0600000000000005,42.3699,21.0,39.597979746446654,83.76453221196577,20.0
1017,1,Typical,touch,Alligator,100.879350847528,60099.0,850,700,0,-0.6312019812839231,4.45,7.72,1.0,0.0001318217769575534,-1.651,-11.46,3.199,-1.7800000000000011,145.1859,16.0,5.68,2.790000000000001,0.7916666666666666,2.046305650511986,22.0,255.92399999999998,4.0,14.643,48.59700000000001,18.0,75.12180909347863,53.99820243997104,18.0
1017,1,Typical,touch,Chamaeleon,-39.3919388714428,-19416.0,940,900,0,-0.29847837216077,5.184,7.64,0.14285714285714285,0.00013747594171020073,-3.97,-11.42,-2.133,-3.9699999999999998,151.466,17.0,3.0470000000000015,2.112000000000001,1.0,0.32327882020439247,22.0,270.342,7.0,0.0,82.36999999999999,22.0,37.45162754661942,87.97747993854695,5.0
1017,1,Typical,touch,Falke,-18.5890196640932,-3480.5,690,620,0,-1.222710619725084,4.1,7.598,1.0,0.005917159763313609,-1.225,-7.05,6.791,5.500000000000001,140.834,17.0,0.0,0.0,0.041666666666666664,6.282913899443543,17.0,142.54299999999998,17.0,169.77300000000002,0.0,17.0,155.26518118772736,52.5185607843192,18.0
1017,1,Typical,touch,Goldfisch,-26.2492786145204,-10364.5,790,740,0,-0.8530177206993586,2.568,7.555,1.0,0.001451378809869376,-0.4539,-8.414,6.0731,3.2859999999999996,137.4658,17.0,0.3800000000000008,0.0,0.08333333333333333,5.254619675872444,18.0,162.2903,18.0,83.28269999999999,0.3800000000000008,19.0,130.99429335067194,65.66149375924455,19.0
1017,1,Typical,touch,Hai,65.593538778651,37327.0,790,740,0,-0.8530177206993586,3.463,7.656,0.5,0.0010214504596527069,-1.455,-8.75,6.6850000000000005,1.0549999999999997,146.10299999999998,17.0,0.0,0.0,0.041666666666666664,3.5044191848582944,19.0,170.33700000000002,18.0,66.883,0.0,19.0,115.92960434836164,32.52035186190416,19.0
1017,1,Typical,touch,Hund,54.1198059532728,42467.5,741,661,0,-1.034167241221964,4.71,7.824,0.07142857142857142,0.0003957261574990107,-4.895,-9.766,1.2930000000000001,-0.8559999999999999,145.851,16.0,0.9599999999999991,0.9599999999999991,0.75,0.2733185827431956,19.0,224.609,0.0,16.677,5.531000000000001,16.0,60.38654795132443,41.35746029182099,16.0
1017,1,Typical,touch,Kaninchen,68.2834629637822,40245.0,1291,1141,1,0.9991437034195272,5.434,7.836,0.07142857142857142,0.0005599104143337066,-4.344,-9.39,0.8319999999999999,2.51,142.117,16.0,0.0,0.0,0.041666666666666664,0.22004211053077194,22.0,223.166,0.0,67.84799999999998,0.0,0.0,66.49600405715856,42.205436002072055,1.0
1017,1,Typical,touch,Katze,24.0159208835418,12941.5,830,780,0,-0.7051405610890682,5.355,7.812,0.1111111111111111,0.0004655493482309125,-4.63,-9.59,-0.06400000000000006,2.75,149.12400000000002,17.0,0.0,0.0,1.0,0.27924582434778517,22.0,223.119,0.0,61.901999999999994,0.06400000000000006,15.0,64.76828807422034,43.08931947855524,1.0
1017,1,Typical,touch,Klapperschlange,19.1525766960548,-800.0,1500,1460,0,1.7718018623832938,4.68,7.582,0.14285714285714285,9.127418765972983e-05,-4.254,-12.266,1.883,-0.5960000000000001,159.38500000000002,17.0,6.5600000000000005,1.8800000000000008,0.7916666666666666,0.3341395210556347,22.0,272.101,17.0,8.696000000000002,39.196,19.0,57.67892111225579,46.71186066420429,19.0
1017,1,Typical,touch,Lachs,34.7149248618222,16510.0,920,860,0,-0.3724169519659151,3.541,7.77,1.0,0.0009478672985781991,-1.035,-8.805,10.285,1.1550000000000011,144.0922,18.0,0.0,0.0,0.041666666666666664,6.089705803380613,17.0,161.35778,17.0,101.29222,0.0,18.0,183.51630680482114,40.1096654152545,18.0
1017,1,Typical,touch,Loewe,36.7150695861893,22797.5,671,621,0,-1.292952270539972,5.51,7.688,0.05,0.0002795638803466592,-5.027,-10.305,0.21499999999999986,-1.2889999999999997,152.458,17.0,2.63,2.63,0.9166666666666666,0.19016061941084472,20.0,230.844,0.0,0.8309999999999995,34.827,20.0,64.0926005884869,40.3879506035535,20.0
1017,1,Typical,touch,Pferd,-39.5599807786596,-22010.0,770,740,0,-0.9269563005045036,4.496,7.67,0.022727272727272728,0.0003792188092529389,-6.055,-9.88,-0.12099999999999955,-2.243000000000001,147.17399999999998,17.0,3.4650000000000007,2.479000000000001,1.0,0.11968439300255372,20.0,227.091,0.0,0.3200000000000003,35.980000000000004,4.0,48.46719800578261,39.341101111093735,20.0
1017,1,Typical,touch,Spatz,44.1592329895581,16322.0,1140,980,1,0.4409074258906814,4.57,7.566,1.0,0.0055248618784530384,-1.347,-7.027,8.363000000000001,2.9330000000000007,144.0912,17.0,0.0,0.0,0.041666666666666664,6.366632781654495,17.0,141.23298,17.0,117.94501999999999,0.0,17.0,126.0473080182301,32.63877843707358,18.0
1017,1,Atypical,touch,Aal,121.052094376091,82282.0,1168,1108,0,0.5444214376178846,4.24,7.477,1.0,0.0019011406844106464,-1.614,-8.125,5.753,3.359,144.142,17.0,0.0,0.0,0.041666666666666664,5.350612693200015,18.0,165.81730000000002,18.0,117.51970000000001,0.0,19.0,143.91418385457848,60.76871534313391,19.0
1017,1,Atypical,touch,Fledermaus,261.243324920525,140780.5,1360,1340,1,1.254231803747278,4.906,7.652,0.0018656716417910447,0.00028538812785388126,-8.734,-10.266,-5.031000000000001,-2.3259999999999996,165.516,16.0,0.0,0.0,1.0,0.013391970707803893,20.0,246.002,0.0,0.0,71.10400000000001,4.0,33.0876255149752,94.95394459707009,11.0
1017,1,Atypical,touch,Pinguin,80.4151666991459,49469.5,1190,940,0,0.6257538754035442,3.906,7.797,1.0,0.00510204081632653,-1.1875,-7.18,1.3624999999999998,1.5999999999999996,145.61399999999998,17.0,0.0,0.0,0.041666666666666664,5.679021674422119,18.0,146.9875,17.0,33.1655,0.0,17.0,55.065940584902386,33.47984880766462,18.0
1017,1,Atypical,touch,Schmetterling,-38.3862770012753,-17825.0,1064,1014,0,0.15994082263112988,4.43,7.85,0.3333333333333333,0.002136752136752137,-2.312,-7.945,1.411,-0.47500000000000053,158.62099999999998,17.0,4.65,2.465,0.75,5.691326469022061,17.0,179.6365,16.0,10.327499999999999,28.194,4.0,82.81711961061038,45.56419321270815,20.0
1017,1,Atypical,touch,Seeloewe,42.4138659408731,15662.5,1520,1180,1,1.845740442188439,4.348,7.875,0.05263157894736842,0.0005339028296849973,-5.105,-9.414,-2.9530000000000003,-0.4339999999999993,149.56099999999998,17.0,3.7669999999999995,3.7669999999999995,1.0,0.17601902325040447,20.0,221.144,0.0,0.0,42.194,21.0,46.43150387400727,85.84442051756527,20.0
1017,1,Atypical,touch,Wal,-29.4224077876879,-17526.0,1169,1109,0,0.5481183666081418,4.02,7.723,0.125,0.0005310674455655868,-4.82,-9.46,-3.5730000000000004,-0.5150000000000006,146.208,17.0,3.4582999999999995,3.4582999999999995,1.0,0.30788095004842325,22.0,217.32299999999998,0.0,0.0600000000000005,42.3699,21.0,39.597979746446654,83.76453221196577,20.0
1018,0,Typical,touch,Klapperschlange,99.0651708683342,52976.5,1650,990,0,0.6327460787879734,4.68,7.582,0.14285714285714285,9.127418765972983e-05,-4.254,-12.266,1.883,-0.5960000000000001,159.38500000000002,17.0,6.5600000000000005,1.8800000000000008,0.7916666666666666,0.3341395210556347,22.0,272.101,17.0,8.696000000000002,39.196,19.0,57.67892111225579,46.71186066420429,19.0
1018,0,Atypical,touch,Fledermaus,93.2499409917151,46710.5,1400,1060,2,0.08983714196664525,4.906,7.652,0.0018656716417910447,0.00028538812785388126,-8.734,-10.266,-5.031000000000001,-2.3259999999999996,165.516,16.0,0.0,0.0,1.0,0.013391970707803893,20.0,246.002,0.0,0.0,71.10400000000001,4.0,33.0876255149752,94.95394459707009,11.0
1018,1,Typical,touch,Alligator,32.4684007781942,9585.5,1250,1020,1,-0.23590822012615165,4.45,7.72,1.0,0.0001318217769575534,-1.651,-11.46,3.199,-1.7800000000000011,145.1859,16.0,5.68,2.790000000000001,0.7916666666666666,2.046305650511986,22.0,255.92399999999998,4.0,14.643,48.59700000000001,18.0,75.12180909347863,53.99820243997104,18.0
1018,1,Typical,touch,Chamaeleon,34.8750489176452,18090.5,1390,1220,1,0.06812078449379212,5.184,7.64,0.14285714285714285,0.00013747594171020073,-3.97,-11.42,-2.133,-3.9699999999999998,151.466,17.0,3.0470000000000015,2.112000000000001,1.0,0.32327882020439247,22.0,270.342,7.0,0.0,82.36999999999999,22.0,37.45162754661942,87.97747993854695,5.0
1018,1,Typical,touch,Falke,-21.6504412720999,-815.0,1060,860,1,-0.648519012110361,4.1,7.598,1.0,0.005917159763313609,-1.225,-7.05,6.791,5.500000000000001,140.834,17.0,0.0,0.0,0.041666666666666664,6.282913899443543,17.0,142.54299999999998,17.0,169.77300000000002,0.0,17.0,155.26518118772736,52.5185607843192,18.0
1018,1,Typical,touch,Goldfisch,75.1751309551245,47296.0,1220,940,1,-0.30105729254471103,2.568,7.555,1.0,0.001451378809869376,-0.4539,-8.414,6.0731,3.2859999999999996,137.4658,17.0,0.3800000000000008,0.0,0.08333333333333333,5.254619675872444,18.0,162.2903,18.0,83.28269999999999,0.3800000000000008,19.0,130.99429335067194,65.66149375924455,19.0
1018,1,Typical,touch,Hai,58.1073414603458,32034.5,890,780,1,-1.0176970891488641,3.463,7.656,0.5,0.0010214504596527069,-1.455,-8.75,6.6850000000000005,1.0549999999999997,146.10299999999998,17.0,0.0,0.0,0.041666666666666664,3.5044191848582944,19.0,170.33700000000002,18.0,66.883,0.0,19.0,115.92960434836164,32.52035186190416,19.0
1018,1,Typical,touch,Hund,69.8123682841426,43440.5,1130,980,3,-0.4965045098003892,4.71,7.824,0.07142857142857142,0.0003957261574990107,-4.895,-9.766,1.2930000000000001,-0.8559999999999999,145.851,16.0,0.9599999999999991,0.9599999999999991,0.75,0.2733185827431956,19.0,224.609,0.0,16.677,5.531000000000001,16.0,60.38654795132443,41.35746029182099,16.0
1018,1,Typical,touch,Kaninchen,-36.6,-7602.5,1462,1132,1,0.22447855829833463,5.434,7.836,0.07142857142857142,0.0005599104143337066,-4.344,-9.39,0.8319999999999999,2.51,142.117,16.0,0.0,0.0,0.041666666666666664,0.22004211053077194,22.0,223.166,0.0,67.84799999999998,0.0,0.0,66.49600405715856,42.205436002072055,1.0
1018,1,Typical,touch,Katze,100.659503066894,56633.0,790,660,0,-1.2348606638773953,5.355,7.812,0.1111111111111111,0.0004655493482309125,-4.63,-9.59,-0.06400000000000006,2.75,149.12400000000002,17.0,0.0,0.0,1.0,0.27924582434778517,22.0,223.119,0.0,61.901999999999994,0.06400000000000006,15.0,64.76828807422034,43.08931947855524,1.0
1018,1,Typical,touch,Lachs,16.3306001808113,9875.0,1150,980,0,-0.4530717948546829,3.541,7.77,1.0,0.0009478672985781991,-1.035,-8.805,10.285,1.1550000000000011,144.0922,18.0,0.0,0.0,0.041666666666666664,6.089705803380613,17.0,161.35778,17.0,101.29222,0.0,18.0,183.51630680482114,40.1096654152545,18.0
1018,1,Typical,touch,Loewe,-39.2641760895888,1812.5,1470,1220,0,0.24185164427661712,5.51,7.688,0.05,0.0002795638803466592,-5.027,-10.305,0.21499999999999986,-1.2889999999999997,152.458,17.0,2.63,2.63,0.9166666666666666,0.19016061941084472,20.0,230.844,0.0,0.8309999999999995,34.827,20.0,64.0926005884869,40.3879506035535,20.0
1018,1,Typical,touch,Pferd,58.2725658510646,29939.5,1300,900,0,-0.12732643276188602,4.496,7.67,0.022727272727272728,0.0003792188092529389,-6.055,-9.88,-0.12099999999999955,-2.243000000000001,147.17399999999998,17.0,3.4650000000000007,2.479000000000001,1.0,0.11968439300255372,20.0,227.091,0.0,0.3200000000000003,35.980000000000004,4.0,48.46719800578261,39.341101111093735,20.0
1018,1,Typical,touch,Spatz,62.3215326919396,34907.0,1270,1180,2,-0.1924755051804454,4.57,7.566,1.0,0.0055248618784530384,-1.347,-7.027,8.363000000000001,2.9330000000000007,144.0912,17.0,0.0,0.0,0.041666666666666664,6.366632781654495,17.0,141.23298,17.0,117.94501999999999,0.0,17.0,126.0473080182301,32.63877843707358,18.0
1018,1,Atypical,touch,Aal,96.8537605189076,60786.0,1350,1300,2,-0.018744645397620385,4.24,7.477,1.0,0.0019011406844106464,-1.614,-8.125,5.753,3.359,144.142,17.0,0.0,0.0,0.041666666666666664,5.350612693200015,18.0,165.81730000000002,18.0,117.51970000000001,0.0,19.0,143.91418385457848,60.76871534313391,19.0
1018,1,Atypical,touch,Pinguin,69.2238655886387,46548.5,840,780,1,-1.1262788765131297,3.906,7.797,1.0,0.00510204081632653,-1.1875,-7.18,1.3624999999999998,1.5999999999999996,145.61399999999998,17.0,0.0,0.0,0.041666666666666664,5.679021674422119,18.0,146.9875,17.0,33.1655,0.0,17.0,55.065940584902386,33.47984880766462,18.0
1018,1,Atypical,touch,Schmetterling,1118.06626986813,134924.5,1920,1060,6,1.2190877305550079,4.43,7.85,0.3333333333333333,0.002136752136752137,-2.312,-7.945,1.411,-0.47500000000000053,158.62099999999998,17.0,4.65,2.465,0.75,5.691326469022061,17.0,179.6365,16.0,10.327499999999999,28.194,4.0,82.81711961061038,45.56419321270815,20.0
1018,1,Atypical,touch,Seeloewe,11.1054212044608,3672.0,2892,2742,2,3.3299176769163314,4.348,7.875,0.05263157894736842,0.0005339028296849973,-5.105,-9.414,-2.9530000000000003,-0.4339999999999993,149.56099999999998,17.0,3.7669999999999995,3.7669999999999995,1.0,0.17601902325040447,20.0,221.144,0.0,0.0,42.194,21.0,46.43150387400727,85.84442051756527,20.0
1018,1,Atypical,touch,Wal,42.3411344455536,14475.5,1380,1140,3,0.04640442702093899,4.02,7.723,0.125,0.0005310674455655868,-4.82,-9.46,-3.5730000000000004,-0.5150000000000006,146.208,17.0,3.4582999999999995,3.4582999999999995,1.0,0.30788095004842325,22.0,217.32299999999998,0.0,0.0600000000000005,42.3699,21.0,39.597979746446654,83.76453221196577,20.0
1019,1,Typical,click,Alligator,83.5047067059639,24224.0,1709,1140,0,-0.5411395403133952,4.45,7.72,1.0,0.0001318217769575534,-1.651,-11.46,3.199,-1.7800000000000011,145.1859,16.0,5.68,2.790000000000001,0.7916666666666666,2.046305650511986,22.0,255.92399999999998,4.0,14.643,48.59700000000001,18.0,75.12180909347863,53.99820243997104,18.0
1019,1,Typical,click,Chamaeleon,229.612571455296,84043.0,2469,1900,1,0.47091265009269534,5.184,7.64,0.14285714285714285,0.00013747594171020073,-3.97,-11.42,-2.133,-3.9699999999999998,151.466,17.0,3.0470000000000015,2.112000000000001,1.0,0.32327882020439247,22.0,270.342,7.0,0.0,82.36999999999999,22.0,37.45162754661942,87.97747993854695,5.0
1019,1,Typical,click,Falke,149.983030827393,56224.5,1461,821,1,-0.87138814981433,4.1,7.598,1.0,0.005917159763313609,-1.225,-7.05,6.791,5.500000000000001,140.834,17.0,0.0,0.0,0.041666666666666664,6.282913899443543,17.0,142.54299999999998,17.0,169.77300000000002,0.0,17.0,155.26518118772736,52.5185607843192,18.0
1019,1,Typical,click,Goldfisch,85.1521553904615,7251.0,1278,790,0,-1.115079664083165,2.568,7.555,1.0,0.001451378809869376,-0.4539,-8.414,6.0731,3.2859999999999996,137.4658,17.0,0.3800000000000008,0.0,0.08333333333333333,5.254619675872444,18.0,162.2903,18.0,83.28269999999999,0.3800000000000008,19.0,130.99429335067194,65.66149375924455,19.0
1019,1,Typical,click,Hai,138.886374852428,55821.0,2605,1540,2,0.6520167262706273,3.463,7.656,0.5,0.0010214504596527069,-1.455,-8.75,6.6850000000000005,1.0549999999999997,146.10299999999998,17.0,0.0,0.0,0.041666666666666664,3.5044191848582944,19.0,170.33700000000002,18.0,66.883,0.0,19.0,115.92960434836164,32.52035186190416,19.0
1019,1,Typical,click,Hund,897.414348941496,445690.0,1733,940,4,-0.509179997458466,4.71,7.824,0.07142857142857142,0.0003957261574990107,-4.895,-9.766,1.2930000000000001,-0.8559999999999999,145.851,16.0,0.9599999999999991,0.9599999999999991,0.75,0.2733185827431956,19.0,224.609,0.0,16.677,5.531000000000001,16.0,60.38654795132443,41.35746029182099,16.0
1019,1,Typical,click,Kaninchen,62.3701072326285,35856.5,1733,620,0,-0.509179997458466,5.434,7.836,0.07142857142857142,0.0005599104143337066,-4.344,-9.39,0.8319999999999999,2.51,142.117,16.0,0.0,0.0,0.041666666666666664,0.22004211053077194,22.0,223.166,0.0,67.84799999999998,0.0,0.0,66.49600405715856,42.205436002072055,1.0
1019,1,Typical,click,Katze,812.671566977024,299648.0,2022,1382,2,-0.12433383558036055,5.355,7.812,0.1111111111111111,0.0004655493482309125,-4.63,-9.59,-0.06400000000000006,2.75,149.12400000000002,17.0,0.0,0.0,1.0,0.27924582434778517,22.0,223.119,0.0,61.901999999999994,0.06400000000000006,15.0,64.76828807422034,43.08931947855524,1.0
1019,1,Typical,click,Klapperschlange,119.208077293122,34972.0,3309,1900,3,1.5894966500152163,4.68,7.582,0.14285714285714285,9.127418765972983e-05,-4.254,-12.266,1.883,-0.5960000000000001,159.38500000000002,17.0,6.5600000000000005,1.8800000000000008,0.7916666666666666,0.3341395210556347,22.0,272.101,17.0,8.696000000000002,39.196,19.0,57.67892111225579,46.71186066420429,19.0
1019,1,Typical,click,Lachs,-41.2296945881726,-18923.0,2061,900,1,-0.07239957844110065,3.541,7.77,1.0,0.0009478672985781991,-1.035,-8.805,10.285,1.1550000000000011,144.0922,18.0,0.0,0.0,0.041666666666666664,6.089705803380613,17.0,161.35778,17.0,101.29222,0.0,18.0,183.51630680482114,40.1096654152545,18.0
1019,1,Typical,click,Loewe,79.7745090011473,34290.0,1197,660,1,-1.2229431212185509,5.51,7.688,0.05,0.0002795638803466592,-5.027,-10.305,0.21499999999999986,-1.2889999999999997,152.458,17.0,2.63,2.63,0.9166666666666666,0.19016061941084472,20.0,230.844,0.0,0.8309999999999995,34.827,20.0,64.0926005884869,40.3879506035535,20.0
1019,1,Typical,click,Pferd,31.4976853107274,18755.5,1365,604,1,-0.9992263212340468,4.496,7.67,0.022727272727272728,0.0003792188092529389,-6.055,-9.88,-0.12099999999999955,-2.243000000000001,147.17399999999998,17.0,3.4650000000000007,2.479000000000001,1.0,0.11968439300255372,20.0,227.091,0.0,0.3200000000000003,35.980000000000004,4.0,48.46719800578261,39.341101111093735,20.0
1019,1,Typical,click,Spatz,399.516596785181,207367.0,1949,1340,3,-0.22154411176410346,4.57,7.566,1.0,0.0055248618784530384,-1.347,-7.027,8.363000000000001,2.9330000000000007,144.0912,17.0,0.0,0.0,0.041666666666666664,6.366632781654495,17.0,141.23298,17.0,117.94501999999999,0.0,17.0,126.0473080182301,32.63877843707358,18.0
1019,1,Atypical,click,Aal,97.4234064123173,16832.0,1446,860,0,-0.8913628640986607,4.24,7.477,1.0,0.0019011406844106464,-1.614,-8.125,5.753,3.359,144.142,17.0,0.0,0.0,0.041666666666666664,5.350612693200015,18.0,165.81730000000002,18.0,117.51970000000001,0.0,19.0,143.91418385457848,60.76871534313391,19.0
1019,1,Atypical,click,Fledermaus,56.4483740101576,25184.5,2301,1900,1,0.2471958501081911,4.906,7.652,0.0018656716417910447,0.00028538812785388126,-8.734,-10.266,-5.031000000000001,-2.3259999999999996,165.516,16.0,0.0,0.0,1.0,0.013391970707803893,20.0,246.002,0.0,0.0,71.10400000000001,4.0,33.0876255149752,94.95394459707009,11.0
1019,1,Atypical,click,Pinguin,376.488907060761,162940.5,3631,2510,3,2.0182871833188494,3.906,7.797,1.0,0.00510204081632653,-1.1875,-7.18,1.3624999999999998,1.5999999999999996,145.61399999999998,17.0,0.0,0.0,0.041666666666666664,5.679021674422119,18.0,146.9875,17.0,33.1655,0.0,17.0,55.065940584902386,33.47984880766462,18.0
1019,1,Atypical,click,Schmetterling,160.188655628952,30467.5,1870,1270,4,-0.32674427366157865,4.43,7.85,0.3333333333333333,0.002136752136752137,-2.312,-7.945,1.411,-0.47500000000000053,158.62099999999998,17.0,4.65,2.465,0.75,5.691326469022061,17.0,179.6365,16.0,10.327499999999999,28.194,4.0,82.81711961061038,45.56419321270815,20.0
1019,1,Atypical,click,Seeloewe,42.2570540594374,18132.5,2383,1967,5,0.3563909548625324,4.348,7.875,0.05263157894736842,0.0005339028296849973,-5.105,-9.414,-2.9530000000000003,-0.4339999999999993,149.56099999999998,17.0,3.7669999999999995,3.7669999999999995,1.0,0.17601902325040447,20.0,221.144,0.0,0.0,42.194,21.0,46.43150387400727,85.84442051756527,20.0
1019,1,Atypical,click,Wal,1029.15943728149,198961.5,3670,1150,2,2.0702214404581096,4.02,7.723,0.125,0.0005310674455655868,-4.82,-9.46,-3.5730000000000004,-0.5150000000000006,146.208,17.0,3.4582999999999995,3.4582999999999995,1.0,0.30788095004842325,22.0,217.32299999999998,0.0,0.0600000000000005,42.3699,21.0,39.597979746446654,83.76453221196577,20.0
1020,0,Atypical,click,Fledermaus,740.572475522266,327963.0,1445,1100,5,-0.2650892664565964,4.906,7.652,0.0018656716417910447,0.00028538812785388126,-8.734,-10.266,-5.031000000000001,-2.3259999999999996,165.516,16.0,0.0,0.0,1.0,0.013391970707803893,20.0,246.002,0.0,0.0,71.10400000000001,4.0,33.0876255149752,94.95394459707009,11.0
1020,0,Atypical,click,Wal,848.803992689259,338059.5,2982,2220,2,2.877989031688751,4.02,7.723,0.125,0.0005310674455655868,-4.82,-9.46,-3.5730000000000004,-0.5150000000000006,146.208,17.0,3.4582999999999995,3.4582999999999995,1.0,0.30788095004842325,22.0,217.32299999999998,0.0,0.0600000000000005,42.3699,21.0,39.597979746446654,83.76453221196577,20.0
1020,1,Typical,click,Alligator,89.1727536739877,60479.5,1558,1070,0,-0.03401064076341212,4.45,7.72,1.0,0.0001318217769575534,-1.651,-11.46,3.199,-1.7800000000000011,145.1859,16.0,5.68,2.790000000000001,0.7916666666666666,2.046305650511986,22.0,255.92399999999998,4.0,14.643,48.59700000000001,18.0,75.12180909347863,53.99820243997104,18.0
1020,1,Typical,click,Chamaeleon,74.2790001640796,-12357.0,1493,940,0,-0.1669319741267482,5.184,7.64,0.14285714285714285,0.00013747594171020073,-3.97,-11.42,-2.133,-3.9699999999999998,151.466,17.0,3.0470000000000015,2.112000000000001,1.0,0.32327882020439247,22.0,270.342,7.0,0.0,82.36999999999999,22.0,37.45162754661942,87.97747993854695,5.0
1020,1,Typical,click,Falke,213.435275704427,148627.0,1381,1060,3,-0.39596565622972735,4.1,7.598,1.0,0.005917159763313609,-1.225,-7.05,6.791,5.500000000000001,140.834,17.0,0.0,0.0,0.041666666666666664,6.282913899443543,17.0,142.54299999999998,17.0,169.77300000000002,0.0,17.0,155.26518118772736,52.5185607843192,18.0
1020,1,Typical,click,Goldfisch,32.4804896830252,620.5,1550,1028,1,-0.050370189485053486,2.568,7.555,1.0,0.001451378809869376,-0.4539,-8.414,6.0731,3.2859999999999996,137.4658,17.0,0.3800000000000008,0.0,0.08333333333333333,5.254619675872444,18.0,162.2903,18.0,83.28269999999999,0.3800000000000008,19.0,130.99429335067194,65.66149375924455,19.0
1020,1,Typical,click,Hai,-109.56088838357,-78541.0,1365,860,0,-0.42868475367301007,3.463,7.656,0.5,0.0010214504596527069,-1.455,-8.75,6.6850000000000005,1.0549999999999997,146.10299999999998,17.0,0.0,0.0,0.041666666666666664,3.5044191848582944,19.0,170.33700000000002,18.0,66.883,0.0,19.0,115.92960434836164,32.52035186190416,19.0
1020,1,Typical,click,Hund,111.772089539384,68409.0,1141,620,1,-0.8867521178789683,4.71,7.824,0.07142857142857142,0.0003957261574990107,-4.895,-9.766,1.2930000000000001,-0.8559999999999999,145.851,16.0,0.9599999999999991,0.9599999999999991,0.75,0.2733185827431956,19.0,224.609,0.0,16.677,5.531000000000001,16.0,60.38654795132443,41.35746029182099,16.0
1020,1,Typical,click,Kaninchen,46.5431880113609,39819.0,1742,1260,1,0.3422589798343393,5.434,7.836,0.07142857142857142,0.0005599104143337066,-4.344,-9.39,0.8319999999999999,2.51,142.117,16.0,0.0,0.0,0.041666666666666664,0.22004211053077194,22.0,223.166,0.0,67.84799999999998,0.0,0.0,66.49600405715856,42.205436002072055,1.0
1020,1,Typical,click,Katze,137.567993403221,60609.5,1717,1100,0,0.29113539007921,5.355,7.812,0.1111111111111111,0.0004655493482309125,-4.63,-9.59,-0.06400000000000006,2.75,149.12400000000002,17.0,0.0,0.0,1.0,0.27924582434778517,22.0,223.119,0.0,61.901999999999994,0.06400000000000006,15.0,64.76828807422034,43.08931947855524,1.0
1020,1,Typical,click,Klapperschlange,98.9884589697056,55965.0,1493,860,0,-0.1669319741267482,4.68,7.582,0.14285714285714285,9.127418765972983e-05,-4.254,-12.266,1.883,-0.5960000000000001,159.38500000000002,17.0,6.5600000000000005,1.8800000000000008,0.7916666666666666,0.3341395210556347,22.0,272.101,17.0,8.696000000000002,39.196,19.0,57.67892111225579,46.71186066420429,19.0
1020,1,Typical,click,Lachs,286.850091518875,127466.5,1301,780,3,-0.559561143446141,3.541,7.77,1.0,0.0009478672985781991,-1.035,-8.805,10.285,1.1550000000000011,144.0922,18.0,0.0,0.0,0.041666666666666664,6.089705803380613,17.0,161.35778,17.0,101.29222,0.0,18.0,183.51630680482114,40.1096654152545,18.0
1020,1,Typical,click,Loewe,46.9776175611763,25269.0,1005,660,1,-1.1648644461468716,5.51,7.688,0.05,0.0002795638803466592,-5.027,-10.305,0.21499999999999986,-1.2889999999999997,152.458,17.0,2.63,2.63,0.9166666666666666,0.19016061941084472,20.0,230.844,0.0,0.8309999999999995,34.827,20.0,64.0926005884869,40.3879506035535,20.0
1020,1,Typical,click,Pferd,247.395135576025,161749.5,1093,740,1,-0.9849094102088165,4.496,7.67,0.022727272727272728,0.0003792188092529389,-6.055,-9.88,-0.12099999999999955,-2.243000000000001,147.17399999999998,17.0,3.4650000000000007,2.479000000000001,1.0,0.11968439300255372,20.0,227.091,0.0,0.3200000000000003,35.980000000000004,4.0,48.46719800578261,39.341101111093735,20.0
1020,1,Typical,click,Spatz,155.778617548361,117896.0,1157,820,1,-0.8540330204356856,4.57,7.566,1.0,0.0055248618784530384,-1.347,-7.027,8.363000000000001,2.9330000000000007,144.0912,17.0,0.0,0.0,0.041666666666666664,6.366632781654495,17.0,141.23298,17.0,117.94501999999999,0.0,17.0,126.0473080182301,32.63877843707358,18.0
1020,1,Atypical,click,Aal,-64.2464022060024,-29731.0,1374,950,0,-0.4102802613611635,4.24,7.477,1.0,0.0019011406844106464,-1.614,-8.125,5.753,3.359,144.142,17.0,0.0,0.0,0.041666666666666664,5.350612693200015,18.0,165.81730000000002,18.0,117.51970000000001,0.0,19.0,143.91418385457848,60.76871534313391,19.0
1020,1,Atypical,click,Pinguin,47.5567469910704,20250.0,2277,700,1,1.4363038005941056,3.906,7.797,1.0,0.00510204081632653,-1.1875,-7.18,1.3624999999999998,1.5999999999999996,145.61399999999998,17.0,0.0,0.0,0.041666666666666664,5.679021674422119,18.0,146.9875,17.0,33.1655,0.0,17.0,55.065940584902386,33.47984880766462,18.0
1020,1,Atypical,click,Schmetterling,37.4141394152998,3904.0,1478,630,2,-0.19760612797982577,4.43,7.85,0.3333333333333333,0.002136752136752137,-2.312,-7.945,1.411,-0.47500000000000053,158.62099999999998,17.0,4.65,2.465,0.75,5.691326469022061,17.0,179.6365,16.0,10.327499999999999,28.194,4.0,82.81711961061038,45.56419321270815,20.0
1020,1,Atypical,click,Seeloewe,874.621655247242,277969.0,2366,1630,3,1.6183037801223659,4.348,7.875,0.05263157894736842,0.0005339028296849973,-5.105,-9.414,-2.9530000000000003,-0.4339999999999993,149.56099999999998,17.0,3.7669999999999995,3.7669999999999995,1.0,0.17601902325040447,20.0,221.144,0.0,0.0,42.194,21.0,46.43150387400727,85.84442051756527,20.0
1021,0,Typical,touch,Falke,27.2902786754104,16082.5,860,820,0,-0.41177507347084225,4.1,7.598,1.0,0.005917159763313609,-1.225,-7.05,6.791,5.500000000000001,140.834,17.0,0.0,0.0,0.041666666666666664,6.282913899443543,17.0,142.54299999999998,17.0,169.77300000000002,0.0,17.0,155.26518118772736,52.5185607843192,18.0
1021,1,Typical,touch,Alligator,-35.5804835464079,-16413.0,1000,900,0,0.13126989203854825,4.45,7.72,1.0,0.0001318217769575534,-1.651,-11.46,3.199,-1.7800000000000011,145.1859,16.0,5.68,2.790000000000001,0.7916666666666666,2.046305650511986,22.0,255.92399999999998,4.0,14.643,48.59700000000001,18.0,75.12180909347863,53.99820243997104,18.0
1021,1,Typical,touch,Chamaeleon,114.268327194947,65321.5,830,660,0,-0.5281418517942831,5.184,7.64,0.14285714285714285,0.00013747594171020073,-3.97,-11.42,-2.133,-3.9699999999999998,151.466,17.0,3.0470000000000015,2.112000000000001,1.0,0.32327882020439247,22.0,270.342,7.0,0.0,82.36999999999999,22.0,37.45162754661942,87.97747993854695,5.0
1021,1,Typical,touch,Goldfisch,-20.3808507445768,-2126.0,670,620,0,-1.1487646695193008,2.568,7.555,1.0,0.001451378809869376,-0.4539,-8.414,6.0731,3.2859999999999996,137.4658,17.0,0.3800000000000008,0.0,0.08333333333333333,5.254619675872444,18.0,162.2903,18.0,83.28269999999999,0.3800000000000008,19.0,130.99429335067194,65.66149375924455,19.0
1021,1,Typical,touch,Hai,68.610402722263,34321.0,1250,1230,1,1.1009930447338885,3.463,7.656,0.5,0.0010214504596527069,-1.455,-8.75,6.6850000000000005,1.0549999999999997,146.10299999999998,17.0,0.0,0.0,0.041666666666666664,3.5044191848582944,19.0,170.33700000000002,18.0,66.883,0.0,19.0,115.92960434836164,32.52035186190416,19.0
1021,1,Typical,touch,Hund,-30.2402516633444,-12462.5,670,660,0,-1.1487646695193008,4.71,7.824,0.07142857142857142,0.0003957261574990107,-4.895,-9.766,1.2930000000000001,-0.8559999999999999,145.851,16.0,0.9599999999999991,0.9599999999999991,0.75,0.2733185827431956,19.0,224.609,0.0,16.677,5.531000000000001,16.0,60.38654795132443,41.35746029182099,16.0
1021,1,Typical,touch,Kaninchen,30.950944428734,20197.5,711,621,0,-0.989730072477265,5.434,7.836,0.07142857142857142,0.0005599104143337066,-4.344,-9.39,0.8319999999999999,2.51,142.117,16.0,0.0,0.0,0.041666666666666664,0.22004211053077194,22.0,223.166,0.0,67.84799999999998,0.0,0.0,66.49600405715856,42.205436002072055,1.0
1021,1,Typical,touch,Katze,22.6071248495817,14318.0,810,740,0,-0.6057197040099103,5.355,7.812,0.1111111111111111,0.0004655493482309125,-4.63,-9.59,-0.06400000000000006,2.75,149.12400000000002,17.0,0.0,0.0,1.0,0.27924582434778517,22.0,223.119,0.0,61.901999999999994,0.06400000000000006,15.0,64.76828807422034,43.08931947855524,1.0
1021,1,Typical,touch,Klapperschlange,78.8170824670086,43510.0,1325,1125,0,1.3919099905424905,4.68,7.582,0.14285714285714285,9.127418765972983e-05,-4.254,-12.266,1.883,-0.5960000000000001,159.38500000000002,17.0,6.5600000000000005,1.8800000000000008,0.7916666666666666,0.3341395210556347,22.0,272.101,17.0,8.696000000000002,39.196,19.0,57.67892111225579,46.71186066420429,19.0
1021,1,Typical,touch,Lachs,49.1583780892023,37102.5,850,780,0,-0.45056399957865584,3.541,7.77,1.0,0.0009478672985781991,-1.035,-8.805,10.285,1.1550000000000011,144.0922,18.0,0.0,0.0,0.041666666666666664,6.089705803380613,17.0,161.35778,17.0,101.29222,0.0,18.0,183.51630680482114,40.1096654152545,18.0
1021,1,Typical,touch,Loewe,34.8826095286464,17213.5,860,750,0,-0.41177507347084225,5.51,7.688,0.05,0.0002795638803466592,-5.027,-10.305,0.21499999999999986,-1.2889999999999997,152.458,17.0,2.63,2.63,0.9166666666666666,0.19016061941084472,20.0,230.844,0.0,0.8309999999999995,34.827,20.0,64.0926005884869,40.3879506035535,20.0
1021,1,Typical,touch,Pferd,66.6674172833414,47306.0,700,630,0,-1.03239789119586,4.496,7.67,0.022727272727272728,0.0003792188092529389,-6.055,-9.88,-0.12099999999999955,-2.243000000000001,147.17399999999998,17.0,3.4650000000000007,2.479000000000001,1.0,0.11968439300255372,20.0,227.091,0.0,0.3200000000000003,35.980000000000004,4.0,48.46719800578261,39.341101111093735,20.0
1021,1,Typical,touch,Spatz,215.44376799809,111016.0,1090,980,1,0.4803702270088707,4.57,7.566,1.0,0.0055248618784530384,-1.347,-7.027,8.363000000000001,2.9330000000000007,144.0912,17.0,0.0,0.0,0.041666666666666664,6.366632781654495,17.0,141.23298,17.0,117.94501999999999,0.0,17.0,126.0473080182301,32.63877843707358,18.0
1021,1,Atypical,touch,Aal,22.6802481979721,18183.5,650,620,0,-1.226342521734928,4.24,7.477,1.0,0.0019011406844106464,-1.614,-8.125,5.753,3.359,144.142,17.0,0.0,0.0,0.041666666666666664,5.350612693200015,18.0,165.81730000000002,18.0,117.51970000000001,0.0,19.0,143.91418385457848,60.76871534313391,19.0
1021,1,Atypical,touch,Fledermaus,-21.5033732090344,-3588.5,1210,1100,0,0.945837340302634,4.906,7.652,0.0018656716417910447,0.00028538812785388126,-8.734,-10.266,-5.031000000000001,-2.3259999999999996,165.516,16.0,0.0,0.0,1.0,0.013391970707803893,20.0,246.002,0.0,0.0,71.10400000000001,4.0,33.0876255149752,94.95394459707009,11.0
1021,1,Atypical,touch,Pinguin,205.019709169531,122584.0,1560,1500,3,2.30344975407611,3.906,7.797,1.0,0.00510204081632653,-1.1875,-7.18,1.3624999999999998,1.5999999999999996,145.61399999999998,17.0,0.0,0.0,0.041666666666666664,5.679021674422119,18.0,146.9875,17.0,33.1655,0.0,17.0,55.065940584902386,33.47984880766462,18.0
1021,1,Atypical,touch,Schmetterling,51.1884884139164,25738.5,1030,1020,0,0.24763667036198905,4.43,7.85,0.3333333333333333,0.002136752136752137,-2.312,-7.945,1.411,-0.47500000000000053,158.62099999999998,17.0,4.65,2.465,0.75,5.691326469022061,17.0,179.6365,16.0,10.327499999999999,28.194,4.0,82.81711961061038,45.56419321270815,20.0
1021,1,Atypical,touch,Seeloewe,108.954172020232,33877.5,1181,1171,2,0.8333494545899746,4.348,7.875,0.05263157894736842,0.0005339028296849973,-5.105,-9.414,-2.9530000000000003,-0.4339999999999993,149.56099999999998,17.0,3.7669999999999995,3.7669999999999995,1.0,0.17601902325040447,20.0,221.144,0.0,0.0,42.194,21.0,46.43150387400727,85.84442051756527,20.0
1021,1,Atypical,touch,Wal,165.544549315665,88870.0,1100,1060,2,0.5191591531166843,4.02,7.723,0.125,0.0005310674455655868,-4.82,-9.46,-3.5730000000000004,-0.5150000000000006,146.208,17.0,3.4582999999999995,3.4582999999999995,1.0,0.30788095004842325,22.0,217.32299999999998,0.0,0.0600000000000005,42.3699,21.0,39.597979746446654,83.76453221196577,20.0
1022,1,Typical,click,Alligator,577.953634761601,271813.0,1509,948,2,-0.14552710918821993,4.45,7.72,1.0,0.0001318217769575534,-1.651,-11.46,3.199,-1.7800000000000011,145.1859,16.0,5.68,2.790000000000001,0.7916666666666666,2.046305650511986,22.0,255.92399999999998,4.0,14.643,48.59700000000001,18.0,75.12180909347863,53.99820243997104,18.0
1022,1,Typical,click,Chamaeleon,49.5345294140943,28232.5,1157,620,1,-0.956598197730566,5.184,7.64,0.14285714285714285,0.00013747594171020073,-3.97,-11.42,-2.133,-3.9699999999999998,151.466,17.0,3.0470000000000015,2.112000000000001,1.0,0.32327882020439247,22.0,270.342,7.0,0.0,82.36999999999999,22.0,37.45162754661942,87.97747993854695,5.0
1022,1,Typical,click,Falke,785.496052064267,403863.5,1885,1181,1,0.7208442808456497,4.1,7.598,1.0,0.005917159763313609,-1.225,-7.05,6.791,5.500000000000001,140.834,17.0,0.0,0.0,0.041666666666666664,6.282913899443543,17.0,142.54299999999998,17.0,169.77300000000002,0.0,17.0,155.26518118772736,52.5185607843192,18.0
1022,1,Typical,click,Goldfisch,51.1443806269413,-3286.0,1005,581,0,-1.3068334405102153,2.568,7.555,1.0,0.001451378809869376,-0.4539,-8.414,6.0731,3.2859999999999996,137.4658,17.0,0.3800000000000008,0.0,0.08333333333333333,5.254619675872444,18.0,162.2903,18.0,83.28269999999999,0.3800000000000008,19.0,130.99429335067194,65.66149375924455,19.0
1022,1,Typical,click,Hai,101.90641793041,41645.0,1453,700,1,-0.274561146001775,3.463,7.656,0.5,0.0010214504596527069,-1.455,-8.75,6.6850000000000005,1.0549999999999997,146.10299999999998,17.0,0.0,0.0,0.041666666666666664,3.5044191848582944,19.0,170.33700000000002,18.0,66.883,0.0,19.0,115.92960434836164,32.52035186190416,19.0
1022,1,Typical,click,Hund,-50.0710592038288,-22199.5,1053,620,0,-1.1962328375271682,4.71,7.824,0.07142857142857142,0.0003957261574990107,-4.895,-9.766,1.2930000000000001,-0.8559999999999999,145.851,16.0,0.9599999999999991,0.9599999999999991,0.75,0.2733185827431956,19.0,224.609,0.0,16.677,5.531000000000001,16.0,60.38654795132443,41.35746029182099,16.0
1022,1,Typical,click,Kaninchen,175.037691696519,146293.5,1462,950,1,-0.25382353294245363,5.434,7.836,0.07142857142857142,0.0005599104143337066,-4.344,-9.39,0.8319999999999999,2.51,142.117,16.0,0.0,0.0,0.041666666666666664,0.22004211053077194,22.0,223.166,0.0,67.84799999999998,0.0,0.0,66.49600405715856,42.205436002072055,1.0
1022,1,Typical,click,Katze,67.8701358840403,46706.0,1558,1060,2,-0.03262232697635926,5.355,7.812,0.1111111111111111,0.0004655493482309125,-4.63,-9.59,-0.06400000000000006,2.75,149.12400000000002,17.0,0.0,0.0,1.0,0.27924582434778517,22.0,223.119,0.0,61.901999999999994,0.06400000000000006,15.0,64.76828807422034,43.08931947855524,1.0
1022,1,Typical,click,Klapperschlange,695.736465963875,371001.0,2214,1373,1,1.4789192471252857,4.68,7.582,0.14285714285714285,9.127418765972983e-05,-4.254,-12.266,1.883,-0.5960000000000001,159.38500000000002,17.0,6.5600000000000005,1.8800000000000008,0.7916666666666666,0.3341395210556347,22.0,272.101,17.0,8.696000000000002,39.196,19.0,57.67892111225579,46.71186066420429,19.0
1022,1,Typical,click,Lachs,92.108121893739,50341.5,1637,1100,1,0.1494078320999059,3.541,7.77,1.0,0.0009478672985781991,-1.035,-8.805,10.285,1.1550000000000011,144.0922,18.0,0.0,0.0,0.041666666666666664,6.089705803380613,17.0,161.35778,17.0,101.29222,0.0,18.0,183.51630680482114,40.1096654152545,18.0
1022,1,Typical,click,Loewe,-183.814988909061,-110734.5,2653,620,2,2.4904539285744045,5.51,7.688,0.05,0.0002795638803466592,-5.027,-10.305,0.21499999999999986,-1.2889999999999997,152.458,17.0,2.63,2.63,0.9166666666666666,0.19016061941084472,20.0,230.844,0.0,0.8309999999999995,34.827,20.0,64.0926005884869,40.3879506035535,20.0
1022,1,Typical,click,Pferd,-40.9157696836002,-13059.5,886,550,0,-1.58103076873902,4.496,7.67,0.022727272727272728,0.0003792188092529389,-6.055,-9.88,-0.12099999999999955,-2.243000000000001,147.17399999999998,17.0,3.4650000000000007,2.479000000000001,1.0,0.11968439300255372,20.0,227.091,0.0,0.3200000000000003,35.980000000000004,4.0,48.46719800578261,39.341101111093735,20.0
1022,1,Typical,click,Spatz,417.917622679623,258910.0,1454,1101,1,-0.2722569667729615,4.57,7.566,1.0,0.0055248618784530384,-1.347,-7.027,8.363000000000001,2.9330000000000007,144.0912,17.0,0.0,0.0,0.041666666666666664,6.366632781654495,17.0,141.23298,17.0,117.94501999999999,0.0,17.0,126.0473080182301,32.63877843707358,18.0
1022,1,Atypical,click,Aal,157.216272766108,64116.5,1989,1060,1,0.9604789206422519,4.24,7.477,1.0,0.0019011406844106464,-1.614,-8.125,5.753,3.359,144.142,17.0,0.0,0.0,0.041666666666666664,5.350612693200015,18.0,165.81730000000002,18.0,117.51970000000001,0.0,19.0,143.91418385457848,60.76871534313391,19.0
1022,1,Atypical,click,Fledermaus,-94.1450664802784,-34731.0,1454,500,0,-0.2722569667729615,4.906,7.652,0.0018656716417910447,0.00028538812785388126,-8.734,-10.266,-5.031000000000001,-2.3259999999999996,165.516,16.0,0.0,0.0,1.0,0.013391970707803893,20.0,246.002,0.0,0.0,71.10400000000001,4.0,33.0876255149752,94.95394459707009,11.0
1022,1,Atypical,click,Pinguin,-178.736566339571,-58535.5,2013,660,3,1.0157792221337756,3.906,7.797,1.0,0.00510204081632653,-1.1875,-7.18,1.3624999999999998,1.5999999999999996,145.61399999999998,17.0,0.0,0.0,0.041666666666666664,5.679021674422119,18.0,146.9875,17.0,33.1655,0.0,17.0,55.065940584902386,33.47984880766462,18.0
1022,1,Atypical,click,Schmetterling,104.330006797001,81900.0,1358,870,1,-0.49345817273905584,4.43,7.85,0.3333333333333333,0.002136752136752137,-2.312,-7.945,1.411,-0.47500000000000053,158.62099999999998,17.0,4.65,2.465,0.75,5.691326469022061,17.0,179.6365,16.0,10.327499999999999,28.194,4.0,82.81711961061038,45.56419321270815,20.0
1022,1,Atypical,click,Seeloewe,71.2381702526723,26470.0,1541,580,0,-0.07179337386618848,4.348,7.875,0.05263157894736842,0.0005339028296849973,-5.105,-9.414,-2.9530000000000003,-0.4339999999999993,149.56099999999998,17.0,3.7669999999999995,3.7669999999999995,1.0,0.17601902325040447,20.0,221.144,0.0,0.0,42.194,21.0,46.43150387400727,85.84442051756527,20.0
1022,1,Atypical,click,Wal,222.585403953797,109989.0,1590,981,2,0.0411114083456722,4.02,7.723,0.125,0.0005310674455655868,-4.82,-9.46,-3.5730000000000004,-0.5150000000000006,146.208,17.0,3.4582999999999995,3.4582999999999995,1.0,0.30788095004842325,22.0,217.32299999999998,0.0,0.0600000000000005,42.3699,21.0,39.597979746446654,83.76453221196577,20.0
1023,0,Typical,click,Chamaeleon,771.093570646995,-19927.5,2109,1780,3,2.2509043656282923,5.184,7.64,0.14285714285714285,0.00013747594171020073,-3.97,-11.42,-2.133,-3.9699999999999998,151.466,17.0,3.0470000000000015,2.112000000000001,1.0,0.32327882020439247,22.0,270.342,7.0,0.0,82.36999999999999,22.0,37.45162754661942,87.97747993854695,5.0
1023,0,Atypical,click,Fledermaus,-110.326294202291,-28175.0,1197,700,3,-0.2137825757686778,4.906,7.652,0.0018656716417910447,0.00028538812785388126,-8.734,-10.266,-5.031000000000001,-2.3259999999999996,165.516,16.0,0.0,0.0,1.0,0.013391970707803893,20.0,246.002,0.0,0.0,71.10400000000001,4.0,33.0876255149752,94.95394459707009,11.0
1023,0,Atypical,click,Pinguin,46.0115830477738,27269.0,1662,1221,2,1.0428834634304354,3.906,7.797,1.0,0.00510204081632653,-1.1875,-7.18,1.3624999999999998,1.5999999999999996,145.61399999999998,17.0,0.0,0.0,0.041666666666666664,5.679021674422119,18.0,146.9875,17.0,33.1655,0.0,17.0,55.065940584902386,33.47984880766462,18.0
1023,0,Atypical,click,Seeloewe,-49.9393593711937,-23150.5,1181,780,0,-0.257022697547572,4.348,7.875,0.05263157894736842,0.0005339028296849973,-5.105,-9.414,-2.9530000000000003,-0.4339999999999993,149.56099999999998,17.0,3.7669999999999995,3.7669999999999995,1.0,0.17601902325040447,20.0,221.144,0.0,0.0,42.194,21.0,46.43150387400727,85.84442051756527,20.0
1023,0,Atypical,click,Wal,-64.9340067233802,-39849.5,1037,540,1,-0.6461837935576199,4.02,7.723,0.125,0.0005310674455655868,-4.82,-9.46,-3.5730000000000004,-0.5150000000000006,146.208,17.0,3.4582999999999995,3.4582999999999995,1.0,0.30788095004842325,22.0,217.32299999999998,0.0,0.0600000000000005,42.3699,21.0,39.597979746446654,83.76453221196577,20.0
1023,1,Typical,click,Alligator,-44.3215223900598,-23981.0,1021,700,0,-0.6894239153365141,4.45,7.72,1.0,0.0001318217769575534,-1.651,-11.46,3.199,-1.7800000000000011,145.1859,16.0,5.68,2.790000000000001,0.7916666666666666,2.046305650511986,22.0,255.92399999999998,4.0,14.643,48.59700000000001,18.0,75.12180909347863,53.99820243997104,18.0
1023,1,Typical,click,Falke,-86.7456187423883,-41788.5,1110,790,1,-0.4489007379414151,4.1,7.598,1.0,0.005917159763313609,-1.225,-7.05,6.791,5.500000000000001,140.834,17.0,0.0,0.0,0.041666666666666664,6.282913899443543,17.0,142.54299999999998,17.0,169.77300000000002,0.0,17.0,155.26518118772736,52.5185607843192,18.0
1023,1,Typical,click,Goldfisch,-87.9494896560454,-53576.0,1149,660,1,-0.34350294110536045,2.568,7.555,1.0,0.001451378809869376,-0.4539,-8.414,6.0731,3.2859999999999996,137.4658,17.0,0.3800000000000008,0.0,0.08333333333333333,5.254619675872444,18.0,162.2903,18.0,83.28269999999999,0.3800000000000008,19.0,130.99429335067194,65.66149375924455,19.0
1023,1,Typical,click,Hai,-64.3538405667914,-19939.0,1197,820,2,-0.2137825757686778,3.463,7.656,0.5,0.0010214504596527069,-1.455,-8.75,6.6850000000000005,1.0549999999999997,146.10299999999998,17.0,0.0,0.0,0.041666666666666664,3.5044191848582944,19.0,170.33700000000002,18.0,66.883,0.0,19.0,115.92960434836164,32.52035186190416,19.0
1023,1,Typical,click,Hund,-27.9205191895526,-12821.5,967,550,0,-0.8353593263402821,4.71,7.824,0.07142857142857142,0.0003957261574990107,-4.895,-9.766,1.2930000000000001,-0.8559999999999999,145.851,16.0,0.9599999999999991,0.9599999999999991,0.75,0.2733185827431956,19.0,224.609,0.0,16.677,5.531000000000001,16.0,60.38654795132443,41.35746029182099,16.0
1023,1,Typical,click,Kaninchen,47.169905660283,-4365.5,1261,740,0,-0.04082208865310095,5.434,7.836,0.07142857142857142,0.0005599104143337066,-4.344,-9.39,0.8319999999999999,2.51,142.117,16.0,0.0,0.0,0.041666666666666664,0.22004211053077194,22.0,223.166,0.0,67.84799999999998,0.0,0.0,66.49600405715856,42.205436002072055,1.0
1023,1,Typical,click,Katze,54.6953798150136,41903.5,876,500,0,-1.0812875189577429,5.355,7.812,0.1111111111111111,0.0004655493482309125,-4.63,-9.59,-0.06400000000000006,2.75,149.12400000000002,17.0,0.0,0.0,1.0,0.27924582434778517,22.0,223.119,0.0,61.901999999999994,0.06400000000000006,15.0,64.76828807422034,43.08931947855524,1.0
1023,1,Typical,click,Klapperschlange,-98.0500222312442,-63610.0,1758,1100,2,1.3023241941038006,4.68,7.582,0.14285714285714285,9.127418765972983e-05,-4.254,-12.266,1.883,-0.5960000000000001,159.38500000000002,17.0,6.5600000000000005,1.8800000000000008,0.7916666666666666,0.3341395210556347,22.0,272.101,17.0,8.696000000000002,39.196,19.0,57.67892111225579,46.71186066420429,19.0
1023,1,Typical,click,Lachs,-64.0379975187148,-45539.0,1277,900,1,0.0024180331257932647,3.541,7.77,1.0,0.0009478672985781991,-1.035,-8.805,10.285,1.1550000000000011,144.0922,18.0,0.0,0.0,0.041666666666666664,6.089705803380613,17.0,161.35778,17.0,101.29222,0.0,18.0,183.51630680482114,40.1096654152545,18.0
1023,1,Typical,click,Loewe,-36.4564930717708,-24955.5,1030,550,1,-0.6651013468358862,5.51,7.688,0.05,0.0002795638803466592,-5.027,-10.305,0.21499999999999986,-1.2889999999999997,152.458,17.0,2.63,2.63,0.9166666666666666,0.19016061941084472,20.0,230.844,0.0,0.8309999999999995,34.827,20.0,64.0926005884869,40.3879506035535,20.0
1023,1,Typical,click,Pferd,-81.026768063886,-12800.0,942,550,2,-0.9029220166198043,4.496,7.67,0.022727272727272728,0.0003792188092529389,-6.055,-9.88,-0.12099999999999955,-2.243000000000001,147.17399999999998,17.0,3.4650000000000007,2.479000000000001,1.0,0.11968439300255372,20.0,227.091,0.0,0.3200000000000003,35.980000000000004,4.0,48.46719800578261,39.341101111093735,20.0
1023,1,Typical,click,Spatz,-88.6290839334291,-54222.0,1382,980,0,0.28618133229978654,4.57,7.566,1.0,0.0055248618784530384,-1.347,-7.027,8.363000000000001,2.9330000000000007,144.0912,17.0,0.0,0.0,0.041666666666666664,6.366632781654495,17.0,141.23298,17.0,117.94501999999999,0.0,17.0,126.0473080182301,32.63877843707358,18.0
1023,1,Atypical,click,Aal,1098.93225723566,531715.0,2101,1660,5,2.229284304738845,4.24,7.477,1.0,0.0019011406844106464,-1.614,-8.125,5.753,3.359,144.142,17.0,0.0,0.0,0.041666666666666664,5.350612693200015,18.0,165.81730000000002,18.0,117.51970000000001,0.0,19.0,143.91418385457848,60.76871534313391,19.0
1023,1,Atypical,click,Schmetterling,45.097879675987,16003.0,989,540,0,-0.7759041588943025,4.43,7.85,0.3333333333333333,0.002136752136752137,-2.312,-7.945,1.411,-0.47500000000000053,158.62099999999998,17.0,4.65,2.465,0.75,5.691326469022061,17.0,179.6365,16.0,10.327499999999999,28.194,4.0,82.81711961061038,45.56419321270815,20.0
1024,1,Typical,touch,Alligator,-37.8170825369584,-17781.5,1860,1620,0,1.0344240589309948,4.45,7.72,1.0,0.0001318217769575534,-1.651,-11.46,3.199,-1.7800000000000011,145.1859,16.0,5.68,2.790000000000001,0.7916666666666666,2.046305650511986,22.0,255.92399999999998,4.0,14.643,48.59700000000001,18.0,75.12180909347863,53.99820243997104,18.0
1024,1,Typical,touch,Chamaeleon,-167.471136599257,-99256.5,1579,1260,0,0.2337876352382458,5.184,7.64,0.14285714285714285,0.00013747594171020073,-3.97,-11.42,-2.133,-3.9699999999999998,151.466,17.0,3.0470000000000015,2.112000000000001,1.0,0.32327882020439247,22.0,270.342,7.0,0.0,82.36999999999999,22.0,37.45162754661942,87.97747993854695,5.0
1024,1,Typical,touch,Falke,-172.277082141468,-93429.5,1450,1100,0,-0.13376431727550728,4.1,7.598,1.0,0.005917159763313609,-1.225,-7.05,6.791,5.500000000000001,140.834,17.0,0.0,0.0,0.041666666666666664,6.282913899443543,17.0,142.54299999999998,17.0,169.77300000000002,0.0,17.0,155.26518118772736,52.5185607843192,18.0
1024,1,Typical,touch,Goldfisch,45.432320506511,22980.5,1320,990,0,-0.5041655097312274,2.568,7.555,1.0,0.001451378809869376,-0.4539,-8.414,6.0731,3.2859999999999996,137.4658,17.0,0.3800000000000008,0.0,0.08333333333333333,5.254619675872444,18.0,162.2903,18.0,83.28269999999999,0.3800000000000008,19.0,130.99429335067194,65.66149375924455,19.0
1024,1,Typical,touch,Hai,-60.2504607592706,-41747.0,1686,1100,0,0.5386563090287232,3.463,7.656,0.5,0.0010214504596527069,-1.455,-8.75,6.6850000000000005,1.0549999999999997,146.10299999999998,17.0,0.0,0.0,0.041666666666666664,3.5044191848582944,19.0,170.33700000000002,18.0,66.883,0.0,19.0,115.92960434836164,32.52035186190416,19.0
1024,1,Typical,touch,Hund,42.3543968128636,-5496.5,1195,1025,1,-0.8603205024771122,4.71,7.824,0.07142857142857142,0.0003957261574990107,-4.895,-9.766,1.2930000000000001,-0.8559999999999999,145.851,16.0,0.9599999999999991,0.9599999999999991,0.75,0.2733185827431956,19.0,224.609,0.0,16.677,5.531000000000001,16.0,60.38654795132443,41.35746029182099,16.0
1024,1,Typical,touch,Kaninchen,-27.9113045182263,-12632.0,1200,1100,0,-0.8460743027672768,5.434,7.836,0.07142857142857142,0.0005599104143337066,-4.344,-9.39,0.8319999999999999,2.51,142.117,16.0,0.0,0.0,0.041666666666666664,0.22004211053077194,22.0,223.166,0.0,67.84799999999998,0.0,0.0,66.49600405715856,42.205436002072055,1.0
1024,1,Typical,touch,Katze,-44.7044558603508,-19725.5,1290,1140,0,-0.5896427079902398,5.355,7.812,0.1111111111111111,0.0004655493482309125,-4.63,-9.59,-0.06400000000000006,2.75,149.12400000000002,17.0,0.0,0.0,1.0,0.27924582434778517,22.0,223.119,0.0,61.901999999999994,0.06400000000000006,15.0,64.76828807422034,43.08931947855524,1.0
1024,1,Typical,touch,Klapperschlange,-59.5275042783186,-14196.5,1720,1420,0,0.6355304670556038,4.68,7.582,0.14285714285714285,9.127418765972983e-05,-4.254,-12.266,1.883,-0.5960000000000001,159.38500000000002,17.0,6.5600000000000005,1.8800000000000008,0.7916666666666666,0.3341395210556347,22.0,272.101,17.0,8.696000000000002,39.196,19.0,57.67892111225579,46.71186066420429,19.0
1024,1,Typical,touch,Lachs,-79.7943239062868,-38803.5,1590,1140,0,0.26512927459988367,3.541,7.77,1.0,0.0009478672985781991,-1.035,-8.805,10.285,1.1550000000000011,144.0922,18.0,0.0,0.0,0.041666666666666664,6.089705803380613,17.0,161.35778,17.0,101.29222,0.0,18.0,183.51630680482114,40.1096654152545,18.0
1024,1,Typical,touch,Loewe,-93.5390822429686,-56760.5,930,780,0,-1.615369087098388,5.51,7.688,0.05,0.0002795638803466592,-5.027,-10.305,0.21499999999999986,-1.2889999999999997,152.458,17.0,2.63,2.63,0.9166666666666666,0.19016061941084472,20.0,230.844,0.0,0.8309999999999995,34.827,20.0,64.0926005884869,40.3879506035535,20.0
1024,1,Typical,touch,Pferd,-85.5190273640967,-43490.0,1010,870,0,-1.3874298917410217,4.496,7.67,0.022727272727272728,0.0003792188092529389,-6.055,-9.88,-0.12099999999999955,-2.243000000000001,147.17399999999998,17.0,3.4650000000000007,2.479000000000001,1.0,0.11968439300255372,20.0,227.091,0.0,0.3200000000000003,35.980000000000004,4.0,48.46719800578261,39.341101111093735,20.0
1024,1,Typical,touch,Spatz,211.434846415587,72840.5,1659,1269,1,0.46172683059561204,4.57,7.566,1.0,0.0055248618784530384,-1.347,-7.027,8.363000000000001,2.9330000000000007,144.0912,17.0,0.0,0.0,0.041666666666666664,6.366632781654495,17.0,141.23298,17.0,117.94501999999999,0.0,17.0,126.0473080182301,32.63877843707358,18.0
1024,1,Atypical,touch,Aal,-56.3302333209762,-31286.0,1891,1621,0,1.1227504971319742,4.24,7.477,1.0,0.0019011406844106464,-1.614,-8.125,5.753,3.359,144.142,17.0,0.0,0.0,0.041666666666666664,5.350612693200015,18.0,165.81730000000002,18.0,117.51970000000001,0.0,19.0,143.91418385457848,60.76871534313391,19.0
1024,1,Atypical,touch,Fledermaus,-64.8777396748307,-45269.5,1350,1180,0,-0.4186883114722151,4.906,7.652,0.0018656716417910447,0.00028538812785388126,-8.734,-10.266,-5.031000000000001,-2.3259999999999996,165.516,16.0,0.0,0.0,1.0,0.013391970707803893,20.0,246.002,0.0,0.0,71.10400000000001,4.0,33.0876255149752,94.95394459707009,11.0
1024,1,Atypical,touch,Pinguin,-36.4492817559127,-10756.5,2441,2301,1,2.689832465213867,3.906,7.797,1.0,0.00510204081632653,-1.1875,-7.18,1.3624999999999998,1.5999999999999996,145.61399999999998,17.0,0.0,0.0,0.041666666666666664,5.679021674422119,18.0,146.9875,17.0,33.1655,0.0,17.0,55.065940584902386,33.47984880766462,18.0
1024,1,Atypical,touch,Schmetterling,-87.4806880254001,-45850.5,1270,1100,0,-0.6466275068295814,4.43,7.85,0.3333333333333333,0.002136752136752137,-2.312,-7.945,1.411,-0.47500000000000053,158.62099999999998,17.0,4.65,2.465,0.75,5.691326469022061,17.0,179.6365,16.0,10.327499999999999,28.194,4.0,82.81711961061038,45.56419321270815,20.0
1024,1,Atypical,touch,Seeloewe,34.945962237287,13803.0,1390,1340,0,-0.30471871379353194,4.348,7.875,0.05263157894736842,0.0005339028296849973,-5.105,-9.414,-2.9530000000000003,-0.4339999999999993,149.56099999999998,17.0,3.7669999999999995,3.7669999999999995,1.0,0.17601902325040447,20.0,221.144,0.0,0.0,42.194,21.0,46.43150387400727,85.84442051756527,20.0
1024,1,Atypical,touch,Wal,77.4631123282875,16260.0,1611,1461,1,0.3249633133811923,4.02,7.723,0.125,0.0005310674455655868,-4.82,-9.46,-3.5730000000000004,-0.5150000000000006,146.208,17.0,3.4582999999999995,3.4582999999999995,1.0,0.30788095004842325,22.0,217.32299999999998,0.0,0.0600000000000005,42.3699,21.0,39.597979746446654,83.76453221196577,20.0
1025,0,Typical,touch,Alligator,107.400150960623,63264.5,830,700,0,-0.4990385012612283,4.45,7.72,1.0,0.0001318217769575534,-1.651,-11.46,3.199,-1.7800000000000011,145.1859,16.0,5.68,2.790000000000001,0.7916666666666666,2.046305650511986,22.0,255.92399999999998,4.0,14.643,48.59700000000001,18.0,75.12180909347863,53.99820243997104,18.0
1025,0,Typical,touch,Chamaeleon,26.619971910544,14154.0,720,660,0,-0.732683319280038,5.184,7.64,0.14285714285714285,0.00013747594171020073,-3.97,-11.42,-2.133,-3.9699999999999998,151.466,17.0,3.0470000000000015,2.112000000000001,1.0,0.32327882020439247,22.0,270.342,7.0,0.0,82.36999999999999,22.0,37.45162754661942,87.97747993854695,5.0
1025,0,Typical,touch,Falke,52.7420857324064,28759.0,1120,820,0,0.11693420078836106,4.1,7.598,1.0,0.005917159763313609,-1.225,-7.05,6.791,5.500000000000001,140.834,17.0,0.0,0.0,0.041666666666666664,6.282913899443543,17.0,142.54299999999998,17.0,169.77300000000002,0.0,17.0,155.26518118772736,52.5185607843192,18.0
1025,0,Typical,touch,Hai,856.534872905051,430915.0,1050,710,1,-0.03174886522360878,3.463,7.656,0.5,0.0010214504596527069,-1.455,-8.75,6.6850000000000005,1.0549999999999997,146.10299999999998,17.0,0.0,0.0,0.041666666666666664,3.5044191848582944,19.0,170.33700000000002,18.0,66.883,0.0,19.0,115.92960434836164,32.52035186190416,19.0
1025,0,Typical,touch,Pferd,76.3188057339598,42827.0,1472,758,0,0.8645976184485522,4.496,7.67,0.022727272727272728,0.0003792188092529389,-6.055,-9.88,-0.12099999999999955,-2.243000000000001,147.17399999999998,17.0,3.4650000000000007,2.479000000000001,1.0,0.11968439300255372,20.0,227.091,0.0,0.3200000000000003,35.980000000000004,4.0,48.46719800578261,39.341101111093735,20.0
1025,0,Atypical,touch,Fledermaus,663.390723143892,365230.0,1370,1260,2,0.6479451508311105,4.906,7.652,0.0018656716417910447,0.00028538812785388126,-8.734,-10.266,-5.031000000000001,-2.3259999999999996,165.516,16.0,0.0,0.0,1.0,0.013391970707803893,20.0,246.002,0.0,0.0,71.10400000000001,4.0,33.0876255149752,94.95394459707009,11.0
1025,0,Atypical,touch,Wal,-40.0703408530204,-6444.0,890,820,0,-0.37159587325096843,4.02,7.723,0.125,0.0005310674455655868,-4.82,-9.46,-3.5730000000000004,-0.5150000000000006,146.208,17.0,3.4582999999999995,3.4582999999999995,1.0,0.30788095004842325,22.0,217.32299999999998,0.0,0.0600000000000005,42.3699,21.0,39.597979746446654,83.76453221196577,20.0
1025,1,Typical,touch,Goldfisch,84.2622338379837,51840.0,530,380,0,-1.1362516413125276,2.568,7.555,1.0,0.001451378809869376,-0.4539,-8.414,6.0731,3.2859999999999996,137.4658,17.0,0.3800000000000008,0.0,0.08333333333333333,5.254619675872444,18.0,162.2903,18.0,83.28269999999999,0.3800000000000008,19.0,130.99429335067194,65.66149375924455,19.0
1025,1,Typical,touch,Hund,41.1997548287493,14454.5,950,580,0,-0.24415324524070856,4.71,7.824,0.07142857142857142,0.0003957261574990107,-4.895,-9.766,1.2930000000000001,-0.8559999999999999,145.851,16.0,0.9599999999999991,0.9599999999999991,0.75,0.2733185827431956,19.0,224.609,0.0,16.677,5.531000000000001,16.0,60.38654795132443,41.35746029182099,16.0
1025,1,Typical,touch,Kaninchen,61.3322632603838,38656.5,1050,990,1,-0.03174886522360878,5.434,7.836,0.07142857142857142,0.0005599104143337066,-4.344,-9.39,0.8319999999999999,2.51,142.117,16.0,0.0,0.0,0.041666666666666664,0.22004211053077194,22.0,223.166,0.0,67.84799999999998,0.0,0.0,66.49600405715856,42.205436002072055,1.0
1025,1,Typical,touch,Katze,-111.860034732762,-58373.0,2750,2340,2,3.5791255950670875,5.355,7.812,0.1111111111111111,0.0004655493482309125,-4.63,-9.59,-0.06400000000000006,2.75,149.12400000000002,17.0,0.0,0.0,1.0,0.27924582434778517,22.0,223.119,0.0,61.901999999999994,0.06400000000000006,15.0,64.76828807422034,43.08931947855524,1.0
1025,1,Typical,touch,Klapperschlange,96.1433810378845,23762.5,1142,780,0,0.16366316439212303,4.68,7.582,0.14285714285714285,9.127418765972983e-05,-4.254,-12.266,1.883,-0.5960000000000001,159.38500000000002,17.0,6.5600000000000005,1.8800000000000008,0.7916666666666666,0.3341395210556347,22.0,272.101,17.0,8.696000000000002,39.196,19.0,57.67892111225579,46.71186066420429,19.0
1025,1,Typical,touch,Lachs,782.335963342772,326104.5,1221,820,1,0.33146262460563186,3.541,7.77,1.0,0.0009478672985781991,-1.035,-8.805,10.285,1.1550000000000011,144.0922,18.0,0.0,0.0,0.041666666666666664,6.089705803380613,17.0,161.35778,17.0,101.29222,0.0,18.0,183.51630680482114,40.1096654152545,18.0
1025,1,Typical,touch,Loewe,738.563477811466,393235.5,750,700,2,-0.6689620052749081,5.51,7.688,0.05,0.0002795638803466592,-5.027,-10.305,0.21499999999999986,-1.2889999999999997,152.458,17.0,2.63,2.63,0.9166666666666666,0.19016061941084472,20.0,230.844,0.0,0.8309999999999995,34.827,20.0,64.0926005884869,40.3879506035535,20.0
1025,1,Typical,touch,Spatz,96.4844522425479,83248.0,890,620,0,-0.37159587325096843,4.57,7.566,1.0,0.0055248618784530384,-1.347,-7.027,8.363000000000001,2.9330000000000007,144.0912,17.0,0.0,0.0,0.041666666666666664,6.366632781654495,17.0,141.23298,17.0,117.94501999999999,0.0,17.0,126.0473080182301,32.63877843707358,18.0
1025,1,Atypical,touch,Aal,38.5671082195918,23529.5,748,678,0,-0.6732100928752501,4.24,7.477,1.0,0.0019011406844106464,-1.614,-8.125,5.753,3.359,144.142,17.0,0.0,0.0,0.041666666666666664,5.350612693200015,18.0,165.81730000000002,18.0,117.51970000000001,0.0,19.0,143.91418385457848,60.76871534313391,19.0
1025,1,Atypical,touch,Pinguin,-54.513719345061,-36777.5,851,661,0,-0.45443358145763735,3.906,7.797,1.0,0.00510204081632653,-1.1875,-7.18,1.3624999999999998,1.5999999999999996,145.61399999999998,17.0,0.0,0.0,0.041666666666666664,5.679021674422119,18.0,146.9875,17.0,33.1655,0.0,17.0,55.065940584902386,33.47984880766462,18.0
1025,1,Atypical,touch,Schmetterling,40.9444220856963,17271.0,790,700,0,-0.5840002532680681,4.43,7.85,0.3333333333333333,0.002136752136752137,-2.312,-7.945,1.411,-0.47500000000000053,158.62099999999998,17.0,4.65,2.465,0.75,5.691326469022061,17.0,179.6365,16.0,10.327499999999999,28.194,4.0,82.81711961061038,45.56419321270815,20.0
1025,1,Atypical,touch,Seeloewe,914.844298025127,528261.5,1110,980,1,0.0956937627866511,4.348,7.875,0.05263157894736842,0.0005339028296849973,-5.105,-9.414,-2.9530000000000003,-0.4339999999999993,149.56099999999998,17.0,3.7669999999999995,3.7669999999999995,1.0,0.17601902325040447,20.0,221.144,0.0,0.0,42.194,21.0,46.43150387400727,85.84442051756527,20.0
1026,1,Typical,click,Alligator,35.8515345815721,14001.0,2053,1356,1,-0.28831274034460347,4.45,7.72,1.0,0.0001318217769575534,-1.651,-11.46,3.199,-1.7800000000000011,145.1859,16.0,5.68,2.790000000000001,0.7916666666666666,2.046305650511986,22.0,255.92399999999998,4.0,14.643,48.59700000000001,18.0,75.12180909347863,53.99820243997104,18.0
1026,1,Typical,click,Chamaeleon,-93.596530024148,-48666.5,1646,1230,1,-0.4420199048454527,5.184,7.64,0.14285714285714285,0.00013747594171020073,-3.97,-11.42,-2.133,-3.9699999999999998,151.466,17.0,3.0470000000000015,2.112000000000001,1.0,0.32327882020439247,22.0,270.342,7.0,0.0,82.36999999999999,22.0,37.45162754661942,87.97747993854695,5.0
1026,1,Typical,click,Falke,100.129050292809,58425.0,1357,940,1,-0.5511633214074809,4.1,7.598,1.0,0.005917159763313609,-1.225,-7.05,6.791,5.500000000000001,140.834,17.0,0.0,0.0,0.041666666666666664,6.282913899443543,17.0,142.54299999999998,17.0,169.77300000000002,0.0,17.0,155.26518118772736,52.5185607843192,18.0
1026,1,Typical,click,Goldfisch,-70.3825433769684,-12867.5,2150,1061,1,-0.2516798289033691,2.568,7.555,1.0,0.001451378809869376,-0.4539,-8.414,6.0731,3.2859999999999996,137.4658,17.0,0.3800000000000008,0.0,0.08333333333333333,5.254619675872444,18.0,162.2903,18.0,83.28269999999999,0.3800000000000008,19.0,130.99429335067194,65.66149375924455,19.0
1026,1,Typical,click,Hai,41.3343663316294,30613.5,1454,820,0,-0.5145304099662465,3.463,7.656,0.5,0.0010214504596527069,-1.455,-8.75,6.6850000000000005,1.0549999999999997,146.10299999999998,17.0,0.0,0.0,0.041666666666666664,3.5044191848582944,19.0,170.33700000000002,18.0,66.883,0.0,19.0,115.92960434836164,32.52035186190416,19.0
1026,1,Typical,click,Hund,103.720912299729,63896.0,1670,1190,1,-0.43295609170535354,4.71,7.824,0.07142857142857142,0.0003957261574990107,-4.895,-9.766,1.2930000000000001,-0.8559999999999999,145.851,16.0,0.9599999999999991,0.9599999999999991,0.75,0.2733185827431956,19.0,224.609,0.0,16.677,5.531000000000001,16.0,60.38654795132443,41.35746029182099,16.0
1026,1,Typical,click,Kaninchen,93.1007527716428,57796.5,1205,900,1,-0.608567471294776,5.434,7.836,0.07142857142857142,0.0005599104143337066,-4.344,-9.39,0.8319999999999999,2.51,142.117,16.0,0.0,0.0,0.041666666666666664,0.22004211053077194,22.0,223.166,0.0,67.84799999999998,0.0,0.0,66.49600405715856,42.205436002072055,1.0
1026,1,Typical,click,Katze,87.1864564160884,50008.0,1685,1180,1,-0.4272912084927915,5.355,7.812,0.1111111111111111,0.0004655493482309125,-4.63,-9.59,-0.06400000000000006,2.75,149.12400000000002,17.0,0.0,0.0,1.0,0.27924582434778517,22.0,223.119,0.0,61.901999999999994,0.06400000000000006,15.0,64.76828807422034,43.08931947855524,1.0
1026,1,Typical,click,Klapperschlange,34.8708759887931,17925.0,1686,1350,1,-0.42691354961195405,4.68,7.582,0.14285714285714285,9.127418765972983e-05,-4.254,-12.266,1.883,-0.5960000000000001,159.38500000000002,17.0,6.5600000000000005,1.8800000000000008,0.7916666666666666,0.3341395210556347,22.0,272.101,17.0,8.696000000000002,39.196,19.0,57.67892111225579,46.71186066420429,19.0
1026,1,Typical,click,Lachs,348.822171091682,137227.0,1726,1300,1,-0.41180719437845537,3.541,7.77,1.0,0.0009478672985781991,-1.035,-8.805,10.285,1.1550000000000011,144.0922,18.0,0.0,0.0,0.041666666666666664,6.089705803380613,17.0,161.35778,17.0,101.29222,0.0,18.0,183.51630680482114,40.1096654152545,18.0
1026,1,Typical,click,Loewe,-143.003062227466,6996.0,1926,1510,2,-0.33627541821096185,5.51,7.688,0.05,0.0002795638803466592,-5.027,-10.305,0.21499999999999986,-1.2889999999999997,152.458,17.0,2.63,2.63,0.9166666666666666,0.19016061941084472,20.0,230.844,0.0,0.8309999999999995,34.827,20.0,64.0926005884869,40.3879506035535,20.0
1026,1,Typical,click,Pferd,966.144972033269,532530.0,1877,1580,1,-0.35478070337199774,4.496,7.67,0.022727272727272728,0.0003792188092529389,-6.055,-9.88,-0.12099999999999955,-2.243000000000001,147.17399999999998,17.0,3.4650000000000007,2.479000000000001,1.0,0.11968439300255372,20.0,227.091,0.0,0.3200000000000003,35.980000000000004,4.0,48.46719800578261,39.341101111093735,20.0
1026,1,Typical,click,Spatz,-60.3269068932395,8017.5,1669,1340,0,-0.433333750586191,4.57,7.566,1.0,0.0055248618784530384,-1.347,-7.027,8.363000000000001,2.9330000000000007,144.0912,17.0,0.0,0.0,0.041666666666666664,6.366632781654495,17.0,141.23298,17.0,117.94501999999999,0.0,17.0,126.0473080182301,32.63877843707358,18.0
1026,1,Atypical,click,Aal,-79.4235672026595,14421.0,1622,1221,3,-0.45108371798555197,4.24,7.477,1.0,0.0019011406844106464,-1.614,-8.125,5.753,3.359,144.142,17.0,0.0,0.0,0.041666666666666664,5.350612693200015,18.0,165.81730000000002,18.0,117.51970000000001,0.0,19.0,143.91418385457848,60.76871534313391,19.0
1026,1,Atypical,click,Fledermaus,1002.84488999756,468776.0,7093,3220,4,1.6150880190762333,4.906,7.652,0.0018656716417910447,0.00028538812785388126,-8.734,-10.266,-5.031000000000001,-2.3259999999999996,165.516,16.0,0.0,0.0,1.0,0.013391970707803893,20.0,246.002,0.0,0.0,71.10400000000001,4.0,33.0876255149752,94.95394459707009,11.0
1026,1,Atypical,click,Pinguin,214.088625140149,163752.5,5301,4405,0,0.9383233046154912,3.906,7.797,1.0,0.00510204081632653,-1.1875,-7.18,1.3624999999999998,1.5999999999999996,145.61399999999998,17.0,0.0,0.0,0.041666666666666664,5.679021674422119,18.0,146.9875,17.0,33.1655,0.0,17.0,55.065940584902386,33.47984880766462,18.0
1026,1,Atypical,click,Schmetterling,-26.0286413549882,837.0,1741,1340,2,-0.40614231116589333,4.43,7.85,0.3333333333333333,0.002136752136752137,-2.312,-7.945,1.411,-0.47500000000000053,158.62099999999998,17.0,4.65,2.465,0.75,5.691326469022061,17.0,179.6365,16.0,10.327499999999999,28.194,4.0,82.81711961061038,45.56419321270815,20.0
1026,1,Atypical,click,Seeloewe,804.297924805623,-3244.0,3829,1933,2,0.38240943202273897,4.348,7.875,0.05263157894736842,0.0005339028296849973,-5.105,-9.414,-2.9530000000000003,-0.4339999999999993,149.56099999999998,17.0,3.7669999999999995,3.7669999999999995,1.0,0.17601902325040447,20.0,221.144,0.0,0.0,42.194,21.0,46.43150387400727,85.84442051756527,20.0
1026,1,Atypical,click,Wal,935.248396810773,423225.5,11822,550,1,3.4010368665566175,4.02,7.723,0.125,0.0005310674455655868,-4.82,-9.46,-3.5730000000000004,-0.5150000000000006,146.208,17.0,3.4582999999999995,3.4582999999999995,1.0,0.30788095004842325,22.0,217.32299999999998,0.0,0.0600000000000005,42.3699,21.0,39.597979746446654,83.76453221196577,20.0
1027,0,Typical,touch,Klapperschlange,-10.1352090635586,1970.5,1441,1341,0,0.5296185685169903,4.68,7.582,0.14285714285714285,9.127418765972983e-05,-4.254,-12.266,1.883,-0.5960000000000001,159.38500000000002,17.0,6.5600000000000005,1.8800000000000008,0.7916666666666666,0.3341395210556347,22.0,272.101,17.0,8.696000000000002,39.196,19.0,57.67892111225579,46.71186066420429,19.0
1027,0,Atypical,touch,Aal,-29.1219718011283,-7068.5,1400,1260,1,0.39557930117627055,4.24,7.477,1.0,0.0019011406844106464,-1.614,-8.125,5.753,3.359,144.142,17.0,0.0,0.0,0.041666666666666664,5.350612693200015,18.0,165.81730000000002,18.0,117.51970000000001,0.0,19.0,143.91418385457848,60.76871534313391,19.0
1027,1,Typical,touch,Alligator,-35.4162802431578,-17899.0,1630,1500,0,1.147506898453479,4.45,7.72,1.0,0.0001318217769575534,-1.651,-11.46,3.199,-1.7800000000000011,145.1859,16.0,5.68,2.790000000000001,0.7916666666666666,2.046305650511986,22.0,255.92399999999998,4.0,14.643,48.59700000000001,18.0,75.12180909347863,53.99820243997104,18.0
1027,1,Typical,touch,Chamaeleon,-37.4364911726249,-3932.0,1550,1300,0,0.8859668646179282,5.184,7.64,0.14285714285714285,0.00013747594171020073,-3.97,-11.42,-2.133,-3.9699999999999998,151.466,17.0,3.0470000000000015,2.112000000000001,1.0,0.32327882020439247,22.0,270.342,7.0,0.0,82.36999999999999,22.0,37.45162754661942,87.97747993854695,5.0
1027,1,Typical,touch,Falke,11.0963007791297,1230.5,914,854,0,-1.1932764043747004,4.1,7.598,1.0,0.005917159763313609,-1.225,-7.05,6.791,5.500000000000001,140.834,17.0,0.0,0.0,0.041666666666666664,6.282913899443543,17.0,142.54299999999998,17.0,169.77300000000002,0.0,17.0,155.26518118772736,52.5185607843192,18.0
1027,1,Typical,touch,Goldfisch,-28.4104333205979,-18787.5,840,740,0,-1.4352009356725848,2.568,7.555,1.0,0.001451378809869376,-0.4539,-8.414,6.0731,3.2859999999999996,137.4658,17.0,0.3800000000000008,0.0,0.08333333333333333,5.254619675872444,18.0,162.2903,18.0,83.28269999999999,0.3800000000000008,19.0,130.99429335067194,65.66149375924455,19.0
1027,1,Typical,touch,Hai,-24.4317323732882,-7406.0,1612,1532,0,1.0886603908404802,3.463,7.656,0.5,0.0010214504596527069,-1.455,-8.75,6.6850000000000005,1.0549999999999997,146.10299999999998,17.0,0.0,0.0,0.041666666666666664,3.5044191848582944,19.0,170.33700000000002,18.0,66.883,0.0,19.0,115.92960434836164,32.52035186190416,19.0
1027,1,Typical,touch,Hund,-39.8259150532003,-21399.5,783,733,0,-1.6215482097804148,4.71,7.824,0.07142857142857142,0.0003957261574990107,-4.895,-9.766,1.2930000000000001,-0.8559999999999999,145.851,16.0,0.9599999999999991,0.9599999999999991,0.75,0.2733185827431956,19.0,224.609,0.0,16.677,5.531000000000001,16.0,60.38654795132443,41.35746029182099,16.0
1027,1,Typical,touch,Kaninchen,-6.84074318108507,-3682.5,1080,1030,0,-0.6505808341659325,5.434,7.836,0.07142857142857142,0.0005599104143337066,-4.344,-9.39,0.8319999999999999,2.51,142.117,16.0,0.0,0.0,0.041666666666666664,0.22004211053077194,22.0,223.166,0.0,67.84799999999998,0.0,0.0,66.49600405715856,42.205436002072055,1.0
1027,1,Typical,touch,Katze,61.0138732394974,33363.0,1340,1220,1,0.19942427579960745,5.355,7.812,0.1111111111111111,0.0004655493482309125,-4.63,-9.59,-0.06400000000000006,2.75,149.12400000000002,17.0,0.0,0.0,1.0,0.27924582434778517,22.0,223.119,0.0,61.901999999999994,0.06400000000000006,15.0,64.76828807422034,43.08931947855524,1.0
1027,1,Typical,touch,Lachs,21.892858804334,6361.5,1351,1261,0,0.2353860304519957,3.541,7.77,1.0,0.0009478672985781991,-1.035,-8.805,10.285,1.1550000000000011,144.0922,18.0,0.0,0.0,0.041666666666666664,6.089705803380613,17.0,161.35778,17.0,101.29222,0.0,18.0,183.51630680482114,40.1096654152545,18.0
1027,1,Typical,touch,Loewe,17.8916568275365,8659.5,1000,940,0,-0.9121208680014833,5.51,7.688,0.05,0.0002795638803466592,-5.027,-10.305,0.21499999999999986,-1.2889999999999997,152.458,17.0,2.63,2.63,0.9166666666666666,0.19016061941084472,20.0,230.844,0.0,0.8309999999999995,34.827,20.0,64.0926005884869,40.3879506035535,20.0
1027,1,Typical,touch,Pferd,32.2907349509955,15721.5,1150,1060,1,-0.4217333045598256,4.496,7.67,0.022727272727272728,0.0003792188092529389,-6.055,-9.88,-0.12099999999999955,-2.243000000000001,147.17399999999998,17.0,3.4650000000000007,2.479000000000001,1.0,0.11968439300255372,20.0,227.091,0.0,0.3200000000000003,35.980000000000004,4.0,48.46719800578261,39.341101111093735,20.0
1027,1,Typical,touch,Spatz,-19.0112575677981,-6456.5,1390,980,1,0.3628867969468267,4.57,7.566,1.0,0.0055248618784530384,-1.347,-7.027,8.363000000000001,2.9330000000000007,144.0912,17.0,0.0,0.0,0.041666666666666664,6.366632781654495,17.0,141.23298,17.0,117.94501999999999,0.0,17.0,126.0473080182301,32.63877843707358,18.0
1027,1,Atypical,touch,Fledermaus,33.1923100979991,15698.0,1370,1300,0,0.297501788487939,4.906,7.652,0.0018656716417910447,0.00028538812785388126,-8.734,-10.266,-5.031000000000001,-2.3259999999999996,165.516,16.0,0.0,0.0,1.0,0.013391970707803893,20.0,246.002,0.0,0.0,71.10400000000001,4.0,33.0876255149752,94.95394459707009,11.0
1027,1,Atypical,touch,Pinguin,52.780774019672,31570.5,1470,1380,0,0.6244268307823775,3.906,7.797,1.0,0.00510204081632653,-1.1875,-7.18,1.3624999999999998,1.5999999999999996,145.61399999999998,17.0,0.0,0.0,0.041666666666666664,5.679021674422119,18.0,146.9875,17.0,33.1655,0.0,17.0,55.065940584902386,33.47984880766462,18.0
1027,1,Atypical,touch,Schmetterling,56.2689732037559,35170.5,910,820,0,-1.206353406066478,4.43,7.85,0.3333333333333333,0.002136752136752137,-2.312,-7.945,1.411,-0.47500000000000053,158.62099999999998,17.0,4.65,2.465,0.75,5.691326469022061,17.0,179.6365,16.0,10.327499999999999,28.194,4.0,82.81711961061038,45.56419321270815,20.0
1027,1,Atypical,touch,Seeloewe,-12.7662644064546,-1881.5,1920,1830,0,2.0955895211073505,4.348,7.875,0.05263157894736842,0.0005339028296849973,-5.105,-9.414,-2.9530000000000003,-0.4339999999999993,149.56099999999998,17.0,3.7669999999999995,3.7669999999999995,1.0,0.17601902325040447,20.0,221.144,0.0,0.0,42.194,21.0,46.43150387400727,85.84442051756527,20.0
1027,1,Atypical,touch,Wal,-15.9690664276129,678.5,1150,1100,1,-0.4217333045598256,4.02,7.723,0.125,0.0005310674455655868,-4.82,-9.46,-3.5730000000000004,-0.5150000000000006,146.208,17.0,3.4582999999999995,3.4582999999999995,1.0,0.30788095004842325,22.0,217.32299999999998,0.0,0.0600000000000005,42.3699,21.0,39.597979746446654,83.76453221196577,20.0
1028,1,Typical,click,Alligator,34.0500522486007,16241.0,1229,700,1,-0.39503383865792285,4.45,7.72,1.0,0.0001318217769575534,-1.651,-11.46,3.199,-1.7800000000000011,145.1859,16.0,5.68,2.790000000000001,0.7916666666666666,2.046305650511986,22.0,255.92399999999998,4.0,14.643,48.59700000000001,18.0,75.12180909347863,53.99820243997104,18.0
1028,1,Typical,click,Chamaeleon,1038.50116309032,595243.0,1541,1300,2,0.6325048167015177,5.184,7.64,0.14285714285714285,0.00013747594171020073,-3.97,-11.42,-2.133,-3.9699999999999998,151.466,17.0,3.0470000000000015,2.112000000000001,1.0,0.32327882020439247,22.0,270.342,7.0,0.0,82.36999999999999,22.0,37.45162754661942,87.97747993854695,5.0
1028,1,Typical,click,Falke,-45.9242113894327,-8616.5,997,620,2,-1.1591010439251992,4.1,7.598,1.0,0.005917159763313609,-1.225,-7.05,6.791,5.500000000000001,140.834,17.0,0.0,0.0,0.041666666666666664,6.282913899443543,17.0,142.54299999999998,17.0,169.77300000000002,0.0,17.0,155.26518118772736,52.5185607843192,18.0
1028,1,Typical,click,Goldfisch,-51.818901036036,-26448.0,1053,620,0,-0.9746710288606841,2.568,7.555,1.0,0.001451378809869376,-0.4539,-8.414,6.0731,3.2859999999999996,137.4658,17.0,0.3800000000000008,0.0,0.08333333333333333,5.254619675872444,18.0,162.2903,18.0,83.28269999999999,0.3800000000000008,19.0,130.99429335067194,65.66149375924455,19.0
1028,1,Typical,click,Hai,968.496977530501,442532.0,1469,1100,3,0.39538051161856985,3.463,7.656,0.5,0.0010214504596527069,-1.455,-8.75,6.6850000000000005,1.0549999999999997,146.10299999999998,17.0,0.0,0.0,0.041666666666666664,3.5044191848582944,19.0,170.33700000000002,18.0,66.883,0.0,19.0,115.92960434836164,32.52035186190416,19.0
1028,1,Typical,click,Hund,870.993746254035,83912.0,1477,1300,4,0.4217276566277863,4.71,7.824,0.07142857142857142,0.0003957261574990107,-4.895,-9.766,1.2930000000000001,-0.8559999999999999,145.851,16.0,0.9599999999999991,0.9599999999999991,0.75,0.2733185827431956,19.0,224.609,0.0,16.677,5.531000000000001,16.0,60.38654795132443,41.35746029182099,16.0
1028,1,Typical,click,Kaninchen,692.224303196457,260931.0,1469,1020,1,0.39538051161856985,5.434,7.836,0.07142857142857142,0.0005599104143337066,-4.344,-9.39,0.8319999999999999,2.51,142.117,16.0,0.0,0.0,0.041666666666666664,0.22004211053077194,22.0,223.166,0.0,67.84799999999998,0.0,0.0,66.49600405715856,42.205436002072055,1.0
1028,1,Typical,click,Katze,-40.7457870792989,-15709.0,974,661,0,-1.2348490858266963,5.355,7.812,0.1111111111111111,0.0004655493482309125,-4.63,-9.59,-0.06400000000000006,2.75,149.12400000000002,17.0,0.0,0.0,1.0,0.27924582434778517,22.0,223.119,0.0,61.901999999999994,0.06400000000000006,15.0,64.76828807422034,43.08931947855524,1.0
1028,1,Typical,click,Klapperschlange,-55.1761767686933,-14985.5,2165,900,1,2.6875821274203986,4.68,7.582,0.14285714285714285,9.127418765972983e-05,-4.254,-12.266,1.883,-0.5960000000000001,159.38500000000002,17.0,6.5600000000000005,1.8800000000000008,0.7916666666666666,0.3341395210556347,22.0,272.101,17.0,8.696000000000002,39.196,19.0,57.67892111225579,46.71186066420429,19.0
1028,1,Typical,click,Lachs,-29.6782670992662,-16645.5,950,694,0,-1.3138905208543457,3.541,7.77,1.0,0.0009478672985781991,-1.035,-8.805,10.285,1.1550000000000011,144.0922,18.0,0.0,0.0,0.041666666666666664,6.089705803380613,17.0,161.35778,17.0,101.29222,0.0,18.0,183.51630680482114,40.1096654152545,18.0
1028,1,Typical,click,Loewe,-45.9548256608428,-23050.5,1428,860,0,0.2603513934463357,5.51,7.688,0.05,0.0002795638803466592,-5.027,-10.305,0.21499999999999986,-1.2889999999999997,152.458,17.0,2.63,2.63,0.9166666666666666,0.19016061941084472,20.0,230.844,0.0,0.8309999999999995,34.827,20.0,64.0926005884869,40.3879506035535,20.0
1028,1,Typical,click,Pferd,58.4550239897263,30613.0,1309,780,0,-0.1315623885657586,4.496,7.67,0.022727272727272728,0.0003792188092529389,-6.055,-9.88,-0.12099999999999955,-2.243000000000001,147.17399999999998,17.0,3.4650000000000007,2.479000000000001,1.0,0.11968439300255372,20.0,227.091,0.0,0.3200000000000003,35.980000000000004,4.0,48.46719800578261,39.341101111093735,20.0
1028,1,Typical,click,Spatz,-90.4917842042019,-57832.5,1094,765,0,-0.83964191068845,4.57,7.566,1.0,0.0055248618784530384,-1.347,-7.027,8.363000000000001,2.9330000000000007,144.0912,17.0,0.0,0.0,0.041666666666666664,6.366632781654495,17.0,141.23298,17.0,117.94501999999999,0.0,17.0,126.0473080182301,32.63877843707358,18.0
1028,1,Atypical,click,Aal,-67.2860748259768,-37114.0,1247,910,1,-0.3357527623871859,4.24,7.477,1.0,0.0019011406844106464,-1.614,-8.125,5.753,3.359,144.142,17.0,0.0,0.0,0.041666666666666664,5.350612693200015,18.0,165.81730000000002,18.0,117.51970000000001,0.0,19.0,143.91418385457848,60.76871534313391,19.0
1028,1,Atypical,click,Fledermaus,95.9414773990733,9321.5,1861,1340,3,1.6863906170701746,4.906,7.652,0.0018656716417910447,0.00028538812785388126,-8.734,-10.266,-5.031000000000001,-2.3259999999999996,165.516,16.0,0.0,0.0,1.0,0.013391970707803893,20.0,246.002,0.0,0.0,71.10400000000001,4.0,33.0876255149752,94.95394459707009,11.0
1028,1,Atypical,click,Pinguin,46.9514286460348,12451.0,1245,820,0,-0.34233954863949,3.906,7.797,1.0,0.00510204081632653,-1.1875,-7.18,1.3624999999999998,1.5999999999999996,145.61399999999998,17.0,0.0,0.0,0.041666666666666664,5.679021674422119,18.0,146.9875,17.0,33.1655,0.0,17.0,55.065940584902386,33.47984880766462,18.0
1028,1,Atypical,click,Schmetterling,35.0836785702704,11090.5,1398,990,1,0.16154959966177412,4.43,7.85,0.3333333333333333,0.002136752136752137,-2.312,-7.945,1.411,-0.47500000000000053,158.62099999999998,17.0,4.65,2.465,0.75,5.691326469022061,17.0,179.6365,16.0,10.327499999999999,28.194,4.0,82.81711961061038,45.56419321270815,20.0
1028,1,Atypical,click,Seeloewe,-89.0292598382794,-42536.0,1478,940,0,0.42502104975393834,4.348,7.875,0.05263157894736842,0.0005339028296849973,-5.105,-9.414,-2.9530000000000003,-0.4339999999999993,149.56099999999998,17.0,3.7669999999999995,3.7669999999999995,1.0,0.17601902325040447,20.0,221.144,0.0,0.0,42.194,21.0,46.43150387400727,85.84442051756527,20.0
1028,1,Atypical,click,Wal,-115.868176912484,-69871.0,1246,901,1,-0.33904615551333794,4.02,7.723,0.125,0.0005310674455655868,-4.82,-9.46,-3.5730000000000004,-0.5150000000000006,146.208,17.0,3.4582999999999995,3.4582999999999995,1.0,0.30788095004842325,22.0,217.32299999999998,0.0,0.0600000000000005,42.3699,21.0,39.597979746446654,83.76453221196577,20.0
1029,1,Typical,touch,Alligator,-34.2690509917437,5012.5,1291,1021,1,0.14965864864391606,4.45,7.72,1.0,0.0001318217769575534,-1.651,-11.46,3.199,-1.7800000000000011,145.1859,16.0,5.68,2.790000000000001,0.7916666666666666,2.046305650511986,22.0,255.92399999999998,4.0,14.643,48.59700000000001,18.0,75.12180909347863,53.99820243997104,18.0
1029,1,Typical,touch,Chamaeleon,60.6021354141547,46785.0,900,820,0,-0.8421469720301717,5.184,7.64,0.14285714285714285,0.00013747594171020073,-3.97,-11.42,-2.133,-3.9699999999999998,151.466,17.0,3.0470000000000015,2.112000000000001,1.0,0.32327882020439247,22.0,270.342,7.0,0.0,82.36999999999999,22.0,37.45162754661942,87.97747993854695,5.0
1029,1,Typical,touch,Falke,164.48532008696,117122.5,1050,950,1,-0.4616588822575038,4.1,7.598,1.0,0.005917159763313609,-1.225,-7.05,6.791,5.500000000000001,140.834,17.0,0.0,0.0,0.041666666666666664,6.282913899443543,17.0,142.54299999999998,17.0,169.77300000000002,0.0,17.0,155.26518118772736,52.5185607843192,18.0
1029,1,Typical,touch,Goldfisch,52.2850535624839,34220.0,894,814,1,-0.8573664956210785,2.568,7.555,1.0,0.001451378809869376,-0.4539,-8.414,6.0731,3.2859999999999996,137.4658,17.0,0.3800000000000008,0.0,0.08333333333333333,5.254619675872444,18.0,162.2903,18.0,83.28269999999999,0.3800000000000008,19.0,130.99429335067194,65.66149375924455,19.0
1029,1,Typical,touch,Hai,-134.855687703205,-100311.0,730,620,0,-1.2733668071058621,3.463,7.656,0.5,0.0010214504596527069,-1.455,-8.75,6.6850000000000005,1.0549999999999997,146.10299999999998,17.0,0.0,0.0,0.041666666666666664,3.5044191848582944,19.0,170.33700000000002,18.0,66.883,0.0,19.0,115.92960434836164,32.52035186190416,19.0
1029,1,Typical,touch,Hund,36.3571947239597,28191.0,686,636,0,-1.3849766467725115,4.71,7.824,0.07142857142857142,0.0003957261574990107,-4.895,-9.766,1.2930000000000001,-0.8559999999999999,145.851,16.0,0.9599999999999991,0.9599999999999991,0.75,0.2733185827431956,19.0,224.609,0.0,16.677,5.531000000000001,16.0,60.38654795132443,41.35746029182099,16.0
1029,1,Typical,touch,Kaninchen,-45.3762467384786,-3635.0,1200,830,2,-0.08117079248483583,5.434,7.836,0.07142857142857142,0.0005599104143337066,-4.344,-9.39,0.8319999999999999,2.51,142.117,16.0,0.0,0.0,0.041666666666666664,0.22004211053077194,22.0,223.166,0.0,67.84799999999998,0.0,0.0,66.49600405715856,42.205436002072055,1.0
1029,1,Typical,touch,Katze,815.156201126961,297784.5,1471,741,1,0.6062443563711176,5.355,7.812,0.1111111111111111,0.0004655493482309125,-4.63,-9.59,-0.06400000000000006,2.75,149.12400000000002,17.0,0.0,0.0,1.0,0.27924582434778517,22.0,223.119,0.0,61.901999999999994,0.06400000000000006,15.0,64.76828807422034,43.08931947855524,1.0
1029,1,Typical,touch,Klapperschlange,-16.7849436946381,-675.5,1180,1110,0,-0.13190253778785824,4.68,7.582,0.14285714285714285,9.127418765972983e-05,-4.254,-12.266,1.883,-0.5960000000000001,159.38500000000002,17.0,6.5600000000000005,1.8800000000000008,0.7916666666666666,0.3341395210556347,22.0,272.101,17.0,8.696000000000002,39.196,19.0,57.67892111225579,46.71186066420429,19.0
1029,1,Typical,touch,Lachs,-58.4998054083651,-36097.0,1250,940,0,0.045658570772720154,3.541,7.77,1.0,0.0009478672985781991,-1.035,-8.805,10.285,1.1550000000000011,144.0922,18.0,0.0,0.0,0.041666666666666664,6.089705803380613,17.0,161.35778,17.0,101.29222,0.0,18.0,183.51630680482114,40.1096654152545,18.0
1029,1,Typical,touch,Loewe,-100.763166498739,-62322.5,1110,860,1,-0.3094636463484366,5.51,7.688,0.05,0.0002795638803466592,-5.027,-10.305,0.21499999999999986,-1.2889999999999997,152.458,17.0,2.63,2.63,0.9166666666666666,0.19016061941084472,20.0,230.844,0.0,0.8309999999999995,34.827,20.0,64.0926005884869,40.3879506035535,20.0
1029,1,Typical,touch,Pferd,41.9988221484532,26565.0,1150,1100,0,-0.20800015574239183,4.496,7.67,0.022727272727272728,0.0003792188092529389,-6.055,-9.88,-0.12099999999999955,-2.243000000000001,147.17399999999998,17.0,3.4650000000000007,2.479000000000001,1.0,0.11968439300255372,20.0,227.091,0.0,0.3200000000000003,35.980000000000004,4.0,48.46719800578261,39.341101111093735,20.0
1029,1,Typical,touch,Spatz,-38.3844655585034,-18481.5,1110,1020,0,-0.3094636463484366,4.57,7.566,1.0,0.0055248618784530384,-1.347,-7.027,8.363000000000001,2.9330000000000007,144.0912,17.0,0.0,0.0,0.041666666666666664,6.366632781654495,17.0,141.23298,17.0,117.94501999999999,0.0,17.0,126.0473080182301,32.63877843707358,18.0
1029,1,Atypical,touch,Aal,426.774272484036,176232.0,1640,1460,2,1.0349276041816569,4.24,7.477,1.0,0.0019011406844106464,-1.614,-8.125,5.753,3.359,144.142,17.0,0.0,0.0,0.041666666666666664,5.350612693200015,18.0,165.81730000000002,18.0,117.51970000000001,0.0,19.0,143.91418385457848,60.76871534313391,19.0
1029,1,Atypical,touch,Fledermaus,62.1256654792713,-24460.0,1340,1220,1,0.27395142463632094,4.906,7.652,0.0018656716417910447,0.00028538812785388126,-8.734,-10.266,-5.031000000000001,-2.3259999999999996,165.516,16.0,0.0,0.0,1.0,0.013391970707803893,20.0,246.002,0.0,0.0,71.10400000000001,4.0,33.0876255149752,94.95394459707009,11.0
1029,1,Atypical,touch,Pinguin,-33.4423966459606,-6785.0,1204,1124,0,-0.07102444342423135,3.906,7.797,1.0,0.00510204081632653,-1.1875,-7.18,1.3624999999999998,1.5999999999999996,145.61399999999998,17.0,0.0,0.0,0.041666666666666664,5.679021674422119,18.0,146.9875,17.0,33.1655,0.0,17.0,55.065940584902386,33.47984880766462,18.0
1029,1,Atypical,touch,Schmetterling,-134.271679624724,-82742.5,1060,780,0,-0.4362930096059926,4.43,7.85,0.3333333333333333,0.002136752136752137,-2.312,-7.945,1.411,-0.47500000000000053,158.62099999999998,17.0,4.65,2.465,0.75,5.691326469022061,17.0,179.6365,16.0,10.327499999999999,28.194,4.0,82.81711961061038,45.56419321270815,20.0
1029,1,Atypical,touch,Seeloewe,-95.8781701300304,-64274.5,1702,1372,2,1.1921960146210264,4.348,7.875,0.05263157894736842,0.0005339028296849973,-5.105,-9.414,-2.9530000000000003,-0.4339999999999993,149.56099999999998,17.0,3.7669999999999995,3.7669999999999995,1.0,0.17601902325040447,20.0,221.144,0.0,0.0,42.194,21.0,46.43150387400727,85.84442051756527,20.0
1029,1,Atypical,touch,Wal,80.5980311201782,26638.0,2440,2380,3,3.064197416302553,4.02,7.723,0.125,0.0005310674455655868,-4.82,-9.46,-3.5730000000000004,-0.5150000000000006,146.208,17.0,3.4582999999999995,3.4582999999999995,1.0,0.30788095004842325,22.0,217.32299999999998,0.0,0.0600000000000005,42.3699,21.0,39.597979746446654,83.76453221196577,20.0
1030,1,Typical,click,Alligator,464.848221927654,192264.5,1853,1020,2,1.3441875898325153,4.45,7.72,1.0,0.0001318217769575534,-1.651,-11.46,3.199,-1.7800000000000011,145.1859,16.0,5.68,2.790000000000001,0.7916666666666666,2.046305650511986,22.0,255.92399999999998,4.0,14.643,48.59700000000001,18.0,75.12180909347863,53.99820243997104,18.0
1030,1,Typical,click,Chamaeleon,142.434642714172,68544.0,1405,797,0,-0.003641926559800341,5.184,7.64,0.14285714285714285,0.00013747594171020073,-3.97,-11.42,-2.133,-3.9699999999999998,151.466,17.0,3.0470000000000015,2.112000000000001,1.0,0.32327882020439247,22.0,270.342,7.0,0.0,82.36999999999999,22.0,37.45162754661942,87.97747993854695,5.0
1030,1,Typical,click,Falke,151.99315734127,108768.5,1157,820,0,-0.7497618374198322,4.1,7.598,1.0,0.005917159763313609,-1.225,-7.05,6.791,5.500000000000001,140.834,17.0,0.0,0.0,0.041666666666666664,6.282913899443543,17.0,142.54299999999998,17.0,169.77300000000002,0.0,17.0,155.26518118772736,52.5185607843192,18.0
1030,1,Typical,click,Goldfisch,-83.3364935929735,-54155.0,1165,780,2,-0.7256934531985408,2.568,7.555,1.0,0.001451378809869376,-0.4539,-8.414,6.0731,3.2859999999999996,137.4658,17.0,0.3800000000000008,0.0,0.08333333333333333,5.254619675872444,18.0,162.2903,18.0,83.28269999999999,0.3800000000000008,19.0,130.99429335067194,65.66149375924455,19.0
1030,1,Typical,click,Hai,139.305667407416,69893.0,1550,940,3,0.43259753745110535,3.463,7.656,0.5,0.0010214504596527069,-1.455,-8.75,6.6850000000000005,1.0549999999999997,146.10299999999998,17.0,0.0,0.0,0.041666666666666664,3.5044191848582944,19.0,170.33700000000002,18.0,66.883,0.0,19.0,115.92960434836164,32.52035186190416,19.0
1030,1,Typical,click,Hund,23.5347724254371,9506.5,989,620,0,-1.2551979060669505,4.71,7.824,0.07142857142857142,0.0003957261574990107,-4.895,-9.766,1.2930000000000001,-0.8559999999999999,145.851,16.0,0.9599999999999991,0.9599999999999991,0.75,0.2733185827431956,19.0,224.609,0.0,16.677,5.531000000000001,16.0,60.38654795132443,41.35746029182099,16.0
1030,1,Typical,click,Kaninchen,-28.3583820362027,-5653.5,1221,700,1,-0.5572147636495014,5.434,7.836,0.07142857142857142,0.0005599104143337066,-4.344,-9.39,0.8319999999999999,2.51,142.117,16.0,0.0,0.0,0.041666666666666664,0.22004211053077194,22.0,223.166,0.0,67.84799999999998,0.0,0.0,66.49600405715856,42.205436002072055,1.0
1030,1,Typical,click,Katze,246.934041821051,145585.5,997,700,1,-1.2311295218456593,5.355,7.812,0.1111111111111111,0.0004655493482309125,-4.63,-9.59,-0.06400000000000006,2.75,149.12400000000002,17.0,0.0,0.0,1.0,0.27924582434778517,22.0,223.119,0.0,61.901999999999994,0.06400000000000006,15.0,64.76828807422034,43.08931947855524,1.0
1030,1,Typical,click,Klapperschlange,910.950717066469,513975.5,1805,660,1,1.1997772845047672,4.68,7.582,0.14285714285714285,9.127418765972983e-05,-4.254,-12.266,1.883,-0.5960000000000001,159.38500000000002,17.0,6.5600000000000005,1.8800000000000008,0.7916666666666666,0.3341395210556347,22.0,272.101,17.0,8.696000000000002,39.196,19.0,57.67892111225579,46.71186066420429,19.0
1030,1,Typical,click,Lachs,74.0968784562451,42912.0,1094,710,0,-0.9393003631625015,3.541,7.77,1.0,0.0009478672985781991,-1.035,-8.805,10.285,1.1550000000000011,144.0922,18.0,0.0,0.0,0.041666666666666664,6.089705803380613,17.0,161.35778,17.0,101.29222,0.0,18.0,183.51630680482114,40.1096654152545,18.0
1030,1,Typical,click,Loewe,-20.8711215091842,-11553.0,1197,820,0,-0.6294199163133755,5.51,7.688,0.05,0.0002795638803466592,-5.027,-10.305,0.21499999999999986,-1.2889999999999997,152.458,17.0,2.63,2.63,0.9166666666666666,0.19016061941084472,20.0,230.844,0.0,0.8309999999999995,34.827,20.0,64.0926005884869,40.3879506035535,20.0
1030,1,Typical,click,Pferd,46.5241856587249,11544.0,1134,710,3,-0.8189584420560448,4.496,7.67,0.022727272727272728,0.0003792188092529389,-6.055,-9.88,-0.12099999999999955,-2.243000000000001,147.17399999999998,17.0,3.4650000000000007,2.479000000000001,1.0,0.11968439300255372,20.0,227.091,0.0,0.3200000000000003,35.980000000000004,4.0,48.46719800578261,39.341101111093735,20.0
1030,1,Typical,click,Spatz,145.83136881011,89364.5,1254,710,1,-0.4579326787366746,4.57,7.566,1.0,0.0055248618784530384,-1.347,-7.027,8.363000000000001,2.9330000000000007,144.0912,17.0,0.0,0.0,0.041666666666666664,6.366632781654495,17.0,141.23298,17.0,117.94501999999999,0.0,17.0,126.0473080182301,32.63877843707358,18.0
1030,1,Atypical,click,Aal,41.259205337592,3797.5,1341,780,0,-0.19618900033013115,4.24,7.477,1.0,0.0019011406844106464,-1.614,-8.125,5.753,3.359,144.142,17.0,0.0,0.0,0.041666666666666664,5.350612693200015,18.0,165.81730000000002,18.0,117.51970000000001,0.0,19.0,143.91418385457848,60.76871534313391,19.0
1030,1,Atypical,click,Fledermaus,387.037761151802,213197.5,1494,870,1,0.2641188479020659,4.906,7.652,0.0018656716417910447,0.00028538812785388126,-8.734,-10.266,-5.031000000000001,-2.3259999999999996,165.516,16.0,0.0,0.0,1.0,0.013391970707803893,20.0,246.002,0.0,0.0,71.10400000000001,4.0,33.0876255149752,94.95394459707009,11.0
1030,1,Atypical,click,Pinguin,910.487030643945,545429.0,2149,1700,3,2.2347178060202952,3.906,7.797,1.0,0.00510204081632653,-1.1875,-7.18,1.3624999999999998,1.5999999999999996,145.61399999999998,17.0,0.0,0.0,0.041666666666666664,5.679021674422119,18.0,146.9875,17.0,33.1655,0.0,17.0,55.065940584902386,33.47984880766462,18.0
1030,1,Atypical,click,Schmetterling,232.018133396724,168978.0,1437,980,1,0.09263161032536506,4.43,7.85,0.3333333333333333,0.002136752136752137,-2.312,-7.945,1.411,-0.47500000000000053,158.62099999999998,17.0,4.65,2.465,0.75,5.691326469022061,17.0,179.6365,16.0,10.327499999999999,28.194,4.0,82.81711961061038,45.56419321270815,20.0
1030,1,Atypical,click,Seeloewe,-43.9447871025755,-20757.5,1950,1181,1,1.636016748515673,4.348,7.875,0.05263157894736842,0.0005339028296849973,-5.105,-9.414,-2.9530000000000003,-0.4339999999999993,149.56099999999998,17.0,3.7669999999999995,3.7669999999999995,1.0,0.17601902325040447,20.0,221.144,0.0,0.0,42.194,21.0,46.43150387400727,85.84442051756527,20.0
1030,1,Atypical,click,Wal,-124.861180412367,-78388.0,1526,950,1,0.36039238478723135,4.02,7.723,0.125,0.0005310674455655868,-4.82,-9.46,-3.5730000000000004,-0.5150000000000006,146.208,17.0,3.4582999999999995,3.4582999999999995,1.0,0.30788095004842325,22.0,217.32299999999998,0.0,0.0600000000000005,42.3699,21.0,39.597979746446654,83.76453221196577,20.0
1031,0,Typical,click,Alligator,82.2879329319755,36879.5,1733,1140,1,0.9113825204846159,4.45,7.72,1.0,0.0001318217769575534,-1.651,-11.46,3.199,-1.7800000000000011,145.1859,16.0,5.68,2.790000000000001,0.7916666666666666,2.046305650511986,22.0,255.92399999999998,4.0,14.643,48.59700000000001,18.0,75.12180909347863,53.99820243997104,18.0
1031,0,Typical,click,Hai,262.396145137426,36360.5,1598,1293,1,0.49010009751776773,3.463,7.656,0.5,0.0010214504596527069,-1.455,-8.75,6.6850000000000005,1.0549999999999997,146.10299999999998,17.0,0.0,0.0,0.041666666666666664,3.5044191848582944,19.0,170.33700000000002,18.0,66.883,0.0,19.0,115.92960434836164,32.52035186190416,19.0
1031,0,Atypical,click,Fledermaus,148.245154422027,51758.0,1717,1300,1,0.8614527518366931,4.906,7.652,0.0018656716417910447,0.00028538812785388126,-8.734,-10.266,-5.031000000000001,-2.3259999999999996,165.516,16.0,0.0,0.0,1.0,0.013391970707803893,20.0,246.002,0.0,0.0,71.10400000000001,4.0,33.0876255149752,94.95394459707009,11.0
1031,0,Atypical,click,Wal,304.89167550973,186457.5,1301,900,1,-0.4367212330092982,4.02,7.723,0.125,0.0005310674455655868,-4.82,-9.46,-3.5730000000000004,-0.5150000000000006,146.208,17.0,3.4582999999999995,3.4582999999999995,1.0,0.30788095004842325,22.0,217.32299999999998,0.0,0.0600000000000005,42.3699,21.0,39.597979746446654,83.76453221196577,20.0
1031,1,Typical,click,Chamaeleon,-10.196312180717,-1567.5,1606,1230,0,0.5150649818417291,5.184,7.64,0.14285714285714285,0.00013747594171020073,-3.97,-11.42,-2.133,-3.9699999999999998,151.466,17.0,3.0470000000000015,2.112000000000001,1.0,0.32327882020439247,22.0,270.342,7.0,0.0,82.36999999999999,22.0,37.45162754661942,87.97747993854695,5.0
1031,1,Typical,click,Falke,59.8310379606461,29443.5,1014,670,0,-1.3323364581314125,4.1,7.598,1.0,0.005917159763313609,-1.225,-7.05,6.791,5.500000000000001,140.834,17.0,0.0,0.0,0.041666666666666664,6.282913899443543,17.0,142.54299999999998,17.0,169.77300000000002,0.0,17.0,155.26518118772736,52.5185607843192,18.0
1031,1,Typical,click,Goldfisch,73.1821984927398,39327.5,1038,653,0,-1.2574418051595284,2.568,7.555,1.0,0.001451378809869376,-0.4539,-8.414,6.0731,3.2859999999999996,137.4658,17.0,0.3800000000000008,0.0,0.08333333333333333,5.254619675872444,18.0,162.2903,18.0,83.28269999999999,0.3800000000000008,19.0,130.99429335067194,65.66149375924455,19.0
1031,1,Typical,click,Hund,-42.0410536222669,-7849.5,1141,660,0,-0.9360189194885257,4.71,7.824,0.07142857142857142,0.0003957261574990107,-4.895,-9.766,1.2930000000000001,-0.8559999999999999,145.851,16.0,0.9599999999999991,0.9599999999999991,0.75,0.2733185827431956,19.0,224.609,0.0,16.677,5.531000000000001,16.0,60.38654795132443,41.35746029182099,16.0
1031,1,Typical,click,Kaninchen,104.068266179236,71185.5,1406,990,0,-0.10905712625730521,5.434,7.836,0.07142857142857142,0.0005599104143337066,-4.344,-9.39,0.8319999999999999,2.51,142.117,16.0,0.0,0.0,0.041666666666666664,0.22004211053077194,22.0,223.166,0.0,67.84799999999998,0.0,0.0,66.49600405715856,42.205436002072055,1.0
1031,1,Typical,click,Katze,-40.2269826021197,-5316.5,1093,740,1,-1.0858082254322938,5.355,7.812,0.1111111111111111,0.0004655493482309125,-4.63,-9.59,-0.06400000000000006,2.75,149.12400000000002,17.0,0.0,0.0,1.0,0.27924582434778517,22.0,223.119,0.0,61.901999999999994,0.06400000000000006,15.0,64.76828807422034,43.08931947855524,1.0
1031,1,Typical,click,Klapperschlange,47.2062808951238,10206.0,1838,1133,0,1.239046627236609,4.68,7.582,0.14285714285714285,9.127418765972983e-05,-4.254,-12.266,1.883,-0.5960000000000001,159.38500000000002,17.0,6.5600000000000005,1.8800000000000008,0.7916666666666666,0.3341395210556347,22.0,272.101,17.0,8.696000000000002,39.196,19.0,57.67892111225579,46.71186066420429,19.0
1031,1,Typical,click,Lachs,-61.6062404230318,-5381.0,1318,900,0,-0.3836708538208803,3.541,7.77,1.0,0.0009478672985781991,-1.035,-8.805,10.285,1.1550000000000011,144.0922,18.0,0.0,0.0,0.041666666666666664,6.089705803380613,17.0,161.35778,17.0,101.29222,0.0,18.0,183.51630680482114,40.1096654152545,18.0
1031,1,Typical,click,Loewe,-124.571255911546,-36335.5,1309,940,1,-0.41175634868533684,5.51,7.688,0.05,0.0002795638803466592,-5.027,-10.305,0.21499999999999986,-1.2889999999999997,152.458,17.0,2.63,2.63,0.9166666666666666,0.19016061941084472,20.0,230.844,0.0,0.8309999999999995,34.827,20.0,64.0926005884869,40.3879506035535,20.0
1031,1,Typical,click,Pferd,95.1108223184172,66391.0,1069,660,0,-1.160702878404178,4.496,7.67,0.022727272727272728,0.0003792188092529389,-6.055,-9.88,-0.12099999999999955,-2.243000000000001,147.17399999999998,17.0,3.4650000000000007,2.479000000000001,1.0,0.11968439300255372,20.0,227.091,0.0,0.3200000000000003,35.980000000000004,4.0,48.46719800578261,39.341101111093735,20.0
1031,1,Typical,click,Spatz,854.890647723853,478436.0,1381,700,1,-0.1870723897696845,4.57,7.566,1.0,0.0055248618784530384,-1.347,-7.027,8.363000000000001,2.9330000000000007,144.0912,17.0,0.0,0.0,0.041666666666666664,6.366632781654495,17.0,141.23298,17.0,117.94501999999999,0.0,17.0,126.0473080182301,32.63877843707358,18.0
1031,1,Atypical,click,Aal,-100.573256142606,-38608.5,1125,620,1,-0.9859486881364484,4.24,7.477,1.0,0.0019011406844106464,-1.614,-8.125,5.753,3.359,144.142,17.0,0.0,0.0,0.041666666666666664,5.350612693200015,18.0,165.81730000000002,18.0,117.51970000000001,0.0,19.0,143.91418385457848,60.76871534313391,19.0
1031,1,Atypical,click,Pinguin,789.699475594739,388683.0,1934,1660,2,1.5386252391241453,3.906,7.797,1.0,0.00510204081632653,-1.1875,-7.18,1.3624999999999998,1.5999999999999996,145.61399999999998,17.0,0.0,0.0,0.041666666666666664,5.679021674422119,18.0,146.9875,17.0,33.1655,0.0,17.0,55.065940584902386,33.47984880766462,18.0
1031,1,Atypical,click,Schmetterling,752.262626617819,375755.5,1862,670,1,1.313941280208493,4.43,7.85,0.3333333333333333,0.002136752136752137,-2.312,-7.945,1.411,-0.47500000000000053,158.62099999999998,17.0,4.65,2.465,0.75,5.691326469022061,17.0,179.6365,16.0,10.327499999999999,28.194,4.0,82.81711961061038,45.56419321270815,20.0
1031,1,Atypical,click,Seeloewe,-138.814387056323,-21291.5,1895,861,3,1.4169214280448337,4.348,7.875,0.05263157894736842,0.0005339028296849973,-5.105,-9.414,-2.9530000000000003,-0.4339999999999993,149.56099999999998,17.0,3.7669999999999995,3.7669999999999995,1.0,0.17601902325040447,20.0,221.144,0.0,0.0,42.194,21.0,46.43150387400727,85.84442051756527,20.0
1032,1,Typical,touch,Alligator,-30.0010606743679,-8698.5,1300,1260,0,0.3136732012329513,4.45,7.72,1.0,0.0001318217769575534,-1.651,-11.46,3.199,-1.7800000000000011,145.1859,16.0,5.68,2.790000000000001,0.7916666666666666,2.046305650511986,22.0,255.92399999999998,4.0,14.643,48.59700000000001,18.0,75.12180909347863,53.99820243997104,18.0
1032,1,Typical,touch,Chamaeleon,-67.2748129258154,-50164.0,1510,1420,0,0.794486137429446,5.184,7.64,0.14285714285714285,0.00013747594171020073,-3.97,-11.42,-2.133,-3.9699999999999998,151.466,17.0,3.0470000000000015,2.112000000000001,1.0,0.32327882020439247,22.0,270.342,7.0,0.0,82.36999999999999,22.0,37.45162754661942,87.97747993854695,5.0
1032,1,Typical,touch,Falke,-117.972492197006,-83406.5,1370,1180,0,0.4739441799651162,4.1,7.598,1.0,0.005917159763313609,-1.225,-7.05,6.791,5.500000000000001,140.834,17.0,0.0,0.0,0.041666666666666664,6.282913899443543,17.0,142.54299999999998,17.0,169.77300000000002,0.0,17.0,155.26518118772736,52.5185607843192,18.0
1032,1,Typical,touch,Goldfisch,29.4775270832676,6283.5,890,820,0,-0.625056817055443,2.568,7.555,1.0,0.001451378809869376,-0.4539,-8.414,6.0731,3.2859999999999996,137.4658,17.0,0.3800000000000008,0.0,0.08333333333333333,5.254619675872444,18.0,162.2903,18.0,83.28269999999999,0.3800000000000008,19.0,130.99429335067194,65.66149375924455,19.0
1032,1,Typical,touch,Hai,109.746812013981,68710.5,784,724,0,-0.8677528705641498,3.463,7.656,0.5,0.0010214504596527069,-1.455,-8.75,6.6850000000000005,1.0549999999999997,146.10299999999998,17.0,0.0,0.0,0.041666666666666664,3.5044191848582944,19.0,170.33700000000002,18.0,66.883,0.0,19.0,115.92960434836164,32.52035186190416,19.0
1032,1,Typical,touch,Hund,19.7498697365426,8549.5,1039,949,0,-0.2839085908969778,4.71,7.824,0.07142857142857142,0.0003957261574990107,-4.895,-9.766,1.2930000000000001,-0.8559999999999999,145.851,16.0,0.9599999999999991,0.9599999999999991,0.75,0.2733185827431956,19.0,224.609,0.0,16.677,5.531000000000001,16.0,60.38654795132443,41.35746029182099,16.0
1032,1,Typical,touch,Kaninchen,-33.5165649679268,-9744.5,1030,820,0,-0.3045148595911133,5.434,7.836,0.07142857142857142,0.0005599104143337066,-4.344,-9.39,0.8319999999999999,2.51,142.117,16.0,0.0,0.0,0.041666666666666664,0.22004211053077194,22.0,223.166,0.0,67.84799999999998,0.0,0.0,66.49600405715856,42.205436002072055,1.0
1032,1,Typical,touch,Katze,84.4186275518578,62757.0,1180,1020,1,0.038922951977811475,5.355,7.812,0.1111111111111111,0.0004655493482309125,-4.63,-9.59,-0.06400000000000006,2.75,149.12400000000002,17.0,0.0,0.0,1.0,0.27924582434778517,22.0,223.119,0.0,61.901999999999994,0.06400000000000006,15.0,64.76828807422034,43.08931947855524,1.0
1032,1,Typical,touch,Klapperschlange,12.193274578685,4685.5,1300,1270,0,0.3136732012329513,4.68,7.582,0.14285714285714285,9.127418765972983e-05,-4.254,-12.266,1.883,-0.5960000000000001,159.38500000000002,17.0,6.5600000000000005,1.8800000000000008,0.7916666666666666,0.3341395210556347,22.0,272.101,17.0,8.696000000000002,39.196,19.0,57.67892111225579,46.71186066420429,19.0
1032,1,Typical,touch,Lachs,29.3271483897161,13957.5,1141,1091,0,-0.050370879030108964,3.541,7.77,1.0,0.0009478672985781991,-1.035,-8.805,10.285,1.1550000000000011,144.0922,18.0,0.0,0.0,0.041666666666666664,6.089705803380613,17.0,161.35778,17.0,101.29222,0.0,18.0,183.51630680482114,40.1096654152545,18.0
1032,1,Typical,touch,Loewe,28.2209299998374,14522.5,890,830,0,-0.625056817055443,5.51,7.688,0.05,0.0002795638803466592,-5.027,-10.305,0.21499999999999986,-1.2889999999999997,152.458,17.0,2.63,2.63,0.9166666666666666,0.19016061941084472,20.0,230.844,0.0,0.8309999999999995,34.827,20.0,64.0926005884869,40.3879506035535,20.0
1032,1,Typical,touch,Pferd,-25.3966169474725,-11852.0,821,781,0,-0.7830382103771485,4.496,7.67,0.022727272727272728,0.0003792188092529389,-6.055,-9.88,-0.12099999999999955,-2.243000000000001,147.17399999999998,17.0,3.4650000000000007,2.479000000000001,1.0,0.11968439300255372,20.0,227.091,0.0,0.3200000000000003,35.980000000000004,4.0,48.46719800578261,39.341101111093735,20.0
1032,1,Typical,touch,Spatz,-11.5958975121745,-3336.5,880,740,0,-0.6479526711600381,4.57,7.566,1.0,0.0055248618784530384,-1.347,-7.027,8.363000000000001,2.9330000000000007,144.0912,17.0,0.0,0.0,0.041666666666666664,6.366632781654495,17.0,141.23298,17.0,117.94501999999999,0.0,17.0,126.0473080182301,32.63877843707358,18.0
1032,1,Atypical,touch,Aal,65.1475403913705,37042.0,860,750,0,-0.6937443793692281,4.24,7.477,1.0,0.0019011406844106464,-1.614,-8.125,5.753,3.359,144.142,17.0,0.0,0.0,0.041666666666666664,5.350612693200015,18.0,165.81730000000002,18.0,117.51970000000001,0.0,19.0,143.91418385457848,60.76871534313391,19.0
1032,1,Atypical,touch,Fledermaus,324.327778920179,152721.0,2760,2580,3,3.6564679005038188,4.906,7.652,0.0018656716417910447,0.00028538812785388126,-8.734,-10.266,-5.031000000000001,-2.3259999999999996,165.516,16.0,0.0,0.0,1.0,0.013391970707803893,20.0,246.002,0.0,0.0,71.10400000000001,4.0,33.0876255149752,94.95394459707009,11.0
1032,1,Atypical,touch,Pinguin,58.4060729779032,30083.0,1222,1140,0,0.13508553921711042,3.906,7.797,1.0,0.00510204081632653,-1.1875,-7.18,1.3624999999999998,1.5999999999999996,145.61399999999998,17.0,0.0,0.0,0.041666666666666664,5.679021674422119,18.0,146.9875,17.0,33.1655,0.0,17.0,55.065940584902386,33.47984880766462,18.0
1032,1,Atypical,touch,Schmetterling,15.3447352047044,8123.5,1140,1060,0,-0.05266046444056846,4.43,7.85,0.3333333333333333,0.002136752136752137,-2.312,-7.945,1.411,-0.47500000000000053,158.62099999999998,17.0,4.65,2.465,0.75,5.691326469022061,17.0,179.6365,16.0,10.327499999999999,28.194,4.0,82.81711961061038,45.56419321270815,20.0
1032,1,Atypical,touch,Seeloewe,-50.6134697583614,-28777.5,1030,980,0,-0.3045148595911133,4.348,7.875,0.05263157894736842,0.0005339028296849973,-5.105,-9.414,-2.9530000000000003,-0.4339999999999993,149.56099999999998,17.0,3.7669999999999995,3.7669999999999995,1.0,0.17601902325040447,20.0,221.144,0.0,0.0,42.194,21.0,46.43150387400727,85.84442051756527,20.0
1032,1,Atypical,touch,Wal,37.7816038352536,22097.0,950,860,0,-0.4876816924278732,4.02,7.723,0.125,0.0005310674455655868,-4.82,-9.46,-3.5730000000000004,-0.5150000000000006,146.208,17.0,3.4582999999999995,3.4582999999999995,1.0,0.30788095004842325,22.0,217.32299999999998,0.0,0.0600000000000005,42.3699,21.0,39.597979746446654,83.76453221196577,20.0
1033,0,Typical,click,Hai,-118.132243071994,-61403.5,2086,1550,1,-0.033194138700130535,3.463,7.656,0.5,0.0010214504596527069,-1.455,-8.75,6.6850000000000005,1.0549999999999997,146.10299999999998,17.0,0.0,0.0,0.041666666666666664,3.5044191848582944,19.0,170.33700000000002,18.0,66.883,0.0,19.0,115.92960434836164,32.52035186190416,19.0
1033,0,Typical,click,Klapperschlange,-155.030065443938,-78705.5,8694,7301,3,3.920876546384114,4.68,7.582,0.14285714285714285,9.127418765972983e-05,-4.254,-12.266,1.883,-0.5960000000000001,159.38500000000002,17.0,6.5600000000000005,1.8800000000000008,0.7916666666666666,0.3341395210556347,22.0,272.101,17.0,8.696000000000002,39.196,19.0,57.67892111225579,46.71186066420429,19.0
1033,1,Typical,click,Alligator,132.515791936785,93967.5,1349,820,2,-0.47419748236040427,4.45,7.72,1.0,0.0001318217769575534,-1.651,-11.46,3.199,-1.7800000000000011,145.1859,16.0,5.68,2.790000000000001,0.7916666666666666,2.046305650511986,22.0,255.92399999999998,4.0,14.643,48.59700000000001,18.0,75.12180909347863,53.99820243997104,18.0
1033,1,Typical,click,Chamaeleon,92.5222667410112,52969.5,2510,1950,1,0.2205174185752508,5.184,7.64,0.14285714285714285,0.00013747594171020073,-3.97,-11.42,-2.133,-3.9699999999999998,151.466,17.0,3.0470000000000015,2.112000000000001,1.0,0.32327882020439247,22.0,270.342,7.0,0.0,82.36999999999999,22.0,37.45162754661942,87.97747993854695,5.0
1033,1,Typical,click,Falke,115.82717602909,28466.5,1454,950,0,-0.41136796935588765,4.1,7.598,1.0,0.005917159763313609,-1.225,-7.05,6.791,5.500000000000001,140.834,17.0,0.0,0.0,0.041666666666666664,6.282913899443543,17.0,142.54299999999998,17.0,169.77300000000002,0.0,17.0,155.26518118772736,52.5185607843192,18.0
1033,1,Typical,click,Goldfisch,-52.0410362965647,-37630.0,1342,982,2,-0.47838611656070534,2.568,7.555,1.0,0.001451378809869376,-0.4539,-8.414,6.0731,3.2859999999999996,137.4658,17.0,0.3800000000000008,0.0,0.08333333333333333,5.254619675872444,18.0,162.2903,18.0,83.28269999999999,0.3800000000000008,19.0,130.99429335067194,65.66149375924455,19.0
1033,1,Typical,click,Hund,251.866783544885,197565.0,1333,940,1,-0.4837715033896639,4.71,7.824,0.07142857142857142,0.0003957261574990107,-4.895,-9.766,1.2930000000000001,-0.8559999999999999,145.851,16.0,0.9599999999999991,0.9599999999999991,0.75,0.2733185827431956,19.0,224.609,0.0,16.677,5.531000000000001,16.0,60.38654795132443,41.35746029182099,16.0
1033,1,Typical,click,Kaninchen,-32.6396151298448,-8585.0,1637,1140,0,-0.3018651038337301,5.434,7.836,0.07142857142857142,0.0005599104143337066,-4.344,-9.39,0.8319999999999999,2.51,142.117,16.0,0.0,0.0,0.041666666666666664,0.22004211053077194,22.0,223.166,0.0,67.84799999999998,0.0,0.0,66.49600405715856,42.205436002072055,1.0
1033,1,Typical,click,Katze,-77.5404668630569,-32891.5,1518,956,1,-0.37307188523884893,5.355,7.812,0.1111111111111111,0.0004655493482309125,-4.63,-9.59,-0.06400000000000006,2.75,149.12400000000002,17.0,0.0,0.0,1.0,0.27924582434778517,22.0,223.119,0.0,61.901999999999994,0.06400000000000006,15.0,64.76828807422034,43.08931947855524,1.0
1033,1,Typical,click,Lachs,52.8418148390241,30235.0,1477,989,1,-0.3976053141263269,3.541,7.77,1.0,0.0009478672985781991,-1.035,-8.805,10.285,1.1550000000000011,144.0922,18.0,0.0,0.0,0.041666666666666664,6.089705803380613,17.0,161.35778,17.0,101.29222,0.0,18.0,183.51630680482114,40.1096654152545,18.0
1033,1,Typical,click,Loewe,165.71986982134,32701.5,2029,1580,2,-0.06730158861686812,5.51,7.688,0.05,0.0002795638803466592,-5.027,-10.305,0.21499999999999986,-1.2889999999999997,152.458,17.0,2.63,2.63,0.9166666666666666,0.19016061941084472,20.0,230.844,0.0,0.8309999999999995,34.827,20.0,64.0926005884869,40.3879506035535,20.0
1033,1,Typical,click,Pferd,116.117652826964,73102.5,1157,740,0,-0.5890857347115204,4.496,7.67,0.022727272727272728,0.0003792188092529389,-6.055,-9.88,-0.12099999999999955,-2.243000000000001,147.17399999999998,17.0,3.4650000000000007,2.479000000000001,1.0,0.11968439300255372,20.0,227.091,0.0,0.3200000000000003,35.980000000000004,4.0,48.46719800578261,39.341101111093735,20.0
1033,1,Typical,click,Spatz,128.776128570774,101714.5,1309,1020,0,-0.4981325349335534,4.57,7.566,1.0,0.0055248618784530384,-1.347,-7.027,8.363000000000001,2.9330000000000007,144.0912,17.0,0.0,0.0,0.041666666666666664,6.366632781654495,17.0,141.23298,17.0,117.94501999999999,0.0,17.0,126.0473080182301,32.63877843707358,18.0
1033,1,Atypical,click,Aal,-95.0012087553635,6833.5,1478,950,5,-0.39700693781199814,4.24,7.477,1.0,0.0019011406844106464,-1.614,-8.125,5.753,3.359,144.142,17.0,0.0,0.0,0.041666666666666664,5.350612693200015,18.0,165.81730000000002,18.0,117.51970000000001,0.0,19.0,143.91418385457848,60.76871534313391,19.0
1033,1,Atypical,click,Fledermaus,100.182356453613,46674.0,1790,1350,0,-0.2103135277414345,4.906,7.652,0.0018656716417910447,0.00028538812785388126,-8.734,-10.266,-5.031000000000001,-2.3259999999999996,165.516,16.0,0.0,0.0,1.0,0.013391970707803893,20.0,246.002,0.0,0.0,71.10400000000001,4.0,33.0876255149752,94.95394459707009,11.0
1033,1,Atypical,click,Pinguin,-29.7100071328006,-22154.5,3109,2661,0,0.5789448308581598,3.906,7.797,1.0,0.00510204081632653,-1.1875,-7.18,1.3624999999999998,1.5999999999999996,145.61399999999998,17.0,0.0,0.0,0.041666666666666664,5.679021674422119,18.0,146.9875,17.0,33.1655,0.0,17.0,55.065940584902386,33.47984880766462,18.0
1033,1,Atypical,click,Schmetterling,184.492131817571,56652.0,1829,1220,1,-0.18697685148261403,4.43,7.85,0.3333333333333333,0.002136752136752137,-2.312,-7.945,1.411,-0.47500000000000053,158.62099999999998,17.0,4.65,2.465,0.75,5.691326469022061,17.0,179.6365,16.0,10.327499999999999,28.194,4.0,82.81711961061038,45.56419321270815,20.0
1033,1,Atypical,click,Seeloewe,184.019528675533,115405.5,2741,1980,0,0.3587423471851874,4.348,7.875,0.05263157894736842,0.0005339028296849973,-5.105,-9.414,-2.9530000000000003,-0.4339999999999993,149.56099999999998,17.0,3.7669999999999995,3.7669999999999995,1.0,0.17601902325040447,20.0,221.144,0.0,0.0,42.194,21.0,46.43150387400727,85.84442051756527,20.0
1033,1,Atypical,click,Wal,-118.04990609751,-63418.5,1846,1422,1,-0.17680445413902565,4.02,7.723,0.125,0.0005310674455655868,-4.82,-9.46,-3.5730000000000004,-0.5150000000000006,146.208,17.0,3.4582999999999995,3.4582999999999995,1.0,0.30788095004842325,22.0,217.32299999999998,0.0,0.0600000000000005,42.3699,21.0,39.597979746446654,83.76453221196577,20.0
1034,1,Typical,click,Alligator,108.570580010738,50091.5,1485,940,2,0.39790681991917376,4.45,7.72,1.0,0.0001318217769575534,-1.651,-11.46,3.199,-1.7800000000000011,145.1859,16.0,5.68,2.790000000000001,0.7916666666666666,2.046305650511986,22.0,255.92399999999998,4.0,14.643,48.59700000000001,18.0,75.12180909347863,53.99820243997104,18.0
1034,1,Typical,click,Chamaeleon,61.3398786968664,20351.0,1140,780,0,-0.43888471186465217,5.184,7.64,0.14285714285714285,0.00013747594171020073,-3.97,-11.42,-2.133,-3.9699999999999998,151.466,17.0,3.0470000000000015,2.112000000000001,1.0,0.32327882020439247,22.0,270.342,7.0,0.0,82.36999999999999,22.0,37.45162754661942,87.97747993854695,5.0
1034,1,Typical,click,Falke,14.7435584070566,1769.0,1060,803,0,-0.6329233279304669,4.1,7.598,1.0,0.005917159763313609,-1.225,-7.05,6.791,5.500000000000001,140.834,17.0,0.0,0.0,0.041666666666666664,6.282913899443543,17.0,142.54299999999998,17.0,169.77300000000002,0.0,17.0,155.26518118772736,52.5185607843192,18.0
1034,1,Typical,click,Goldfisch,72.3408102591613,54848.0,981,660,0,-0.8245364612954589,2.568,7.555,1.0,0.001451378809869376,-0.4539,-8.414,6.0731,3.2859999999999996,137.4658,17.0,0.3800000000000008,0.0,0.08333333333333333,5.254619675872444,18.0,162.2903,18.0,83.28269999999999,0.3800000000000008,19.0,130.99429335067194,65.66149375924455,19.0
1034,1,Typical,click,Hai,24.0667723564695,6168.5,1349,700,0,0.06804117260728877,3.463,7.656,0.5,0.0010214504596527069,-1.455,-8.75,6.6850000000000005,1.0549999999999997,146.10299999999998,17.0,0.0,0.0,0.041666666666666664,3.5044191848582944,19.0,170.33700000000002,18.0,66.883,0.0,19.0,115.92960434836164,32.52035186190416,19.0
1034,1,Typical,click,Hund,-34.9675509405097,-326.0,1173,700,0,-0.3588437827375036,4.71,7.824,0.07142857142857142,0.0003957261574990107,-4.895,-9.766,1.2930000000000001,-0.8559999999999999,145.851,16.0,0.9599999999999991,0.9599999999999991,0.75,0.2733185827431956,19.0,224.609,0.0,16.677,5.531000000000001,16.0,60.38654795132443,41.35746029182099,16.0
1034,1,Typical,click,Kaninchen,407.008222717902,343968.5,1086,742,1,-0.5698607777090771,5.434,7.836,0.07142857142857142,0.0005599104143337066,-4.344,-9.39,0.8319999999999999,2.51,142.117,16.0,0.0,0.0,0.041666666666666664,0.22004211053077194,22.0,223.166,0.0,67.84799999999998,0.0,0.0,66.49600405715856,42.205436002072055,1.0
1034,1,Typical,click,Katze,901.656655414066,430066.5,1325,980,1,0.009829587787544359,5.355,7.812,0.1111111111111111,0.0004655493482309125,-4.63,-9.59,-0.06400000000000006,2.75,149.12400000000002,17.0,0.0,0.0,1.0,0.27924582434778517,22.0,223.119,0.0,61.901999999999994,0.06400000000000006,15.0,64.76828807422034,43.08931947855524,1.0
1034,1,Typical,click,Klapperschlange,-40.7741977612319,-21861.5,1197,860,0,-0.3006321979177592,4.68,7.582,0.14285714285714285,9.127418765972983e-05,-4.254,-12.266,1.883,-0.5960000000000001,159.38500000000002,17.0,6.5600000000000005,1.8800000000000008,0.7916666666666666,0.3341395210556347,22.0,272.101,17.0,8.696000000000002,39.196,19.0,57.67892111225579,46.71186066420429,19.0
1034,1,Typical,click,Lachs,63.9788115184877,51005.0,1263,837,0,-0.14055033966346203,3.541,7.77,1.0,0.0009478672985781991,-1.035,-8.805,10.285,1.1550000000000011,144.0922,18.0,0.0,0.0,0.041666666666666664,6.089705803380613,17.0,161.35778,17.0,101.29222,0.0,18.0,183.51630680482114,40.1096654152545,18.0
1034,1,Typical,click,Loewe,130.895534591492,105053.0,917,620,2,-0.9797673541481107,5.51,7.688,0.05,0.0002795638803466592,-5.027,-10.305,0.21499999999999986,-1.2889999999999997,152.458,17.0,2.63,2.63,0.9166666666666666,0.19016061941084472,20.0,230.844,0.0,0.8309999999999995,34.827,20.0,64.0926005884869,40.3879506035535,20.0
1034,1,Typical,click,Pferd,-61.1961327659642,-25006.5,1166,701,0,-0.3758221616432624,4.496,7.67,0.022727272727272728,0.0003792188092529389,-6.055,-9.88,-0.12099999999999955,-2.243000000000001,147.17399999999998,17.0,3.4650000000000007,2.479000000000001,1.0,0.11968439300255372,20.0,227.091,0.0,0.3200000000000003,35.980000000000004,4.0,48.46719800578261,39.341101111093735,20.0
1034,1,Typical,click,Spatz,1084.07713026042,561235.5,1533,1020,1,0.5143299895586626,4.57,7.566,1.0,0.0055248618784530384,-1.347,-7.027,8.363000000000001,2.9330000000000007,144.0912,17.0,0.0,0.0,0.041666666666666664,6.366632781654495,17.0,141.23298,17.0,117.94501999999999,0.0,17.0,126.0473080182301,32.63877843707358,18.0
1034,1,Atypical,click,Aal,28.2170420416644,12037.0,1229,780,0,-0.2230167514914333,4.24,7.477,1.0,0.0019011406844106464,-1.614,-8.125,5.753,3.359,144.142,17.0,0.0,0.0,0.041666666666666664,5.350612693200015,18.0,165.81730000000002,18.0,117.51970000000001,0.0,19.0,143.91418385457848,60.76871534313391,19.0
1034,1,Atypical,click,Fledermaus,19.0090845875971,-311.0,1094,550,0,-0.5504569161024956,4.906,7.652,0.0018656716417910447,0.00028538812785388126,-8.734,-10.266,-5.031000000000001,-2.3259999999999996,165.516,16.0,0.0,0.0,1.0,0.013391970707803893,20.0,246.002,0.0,0.0,71.10400000000001,4.0,33.0876255149752,94.95394459707009,11.0
1034,1,Atypical,click,Pinguin,853.338545180478,381867.0,2789,580,2,3.5607362617919533,3.906,7.797,1.0,0.00510204081632653,-1.1875,-7.18,1.3624999999999998,1.5999999999999996,145.61399999999998,17.0,0.0,0.0,0.041666666666666664,5.679021674422119,18.0,146.9875,17.0,33.1655,0.0,17.0,55.065940584902386,33.47984880766462,18.0
1034,1,Atypical,click,Schmetterling,108.508934922515,81576.0,1045,620,1,-0.6693055684428071,4.43,7.85,0.3333333333333333,0.002136752136752137,-2.312,-7.945,1.411,-0.47500000000000053,158.62099999999998,17.0,4.65,2.465,0.75,5.691326469022061,17.0,179.6365,16.0,10.327499999999999,28.194,4.0,82.81711961061038,45.56419321270815,20.0
1034,1,Atypical,click,Seeloewe,831.718651236529,459496.0,1661,1348,1,0.8247917752639662,4.348,7.875,0.05263157894736842,0.0005339028296849973,-5.105,-9.414,-2.9530000000000003,-0.4339999999999993,149.56099999999998,17.0,3.7669999999999995,3.7669999999999995,1.0,0.17601902325040447,20.0,221.144,0.0,0.0,42.194,21.0,46.43150387400727,85.84442051756527,20.0
1034,1,Atypical,click,Wal,202.151342260878,105315.0,1605,700,0,0.6889647440178959,4.02,7.723,0.125,0.0005310674455655868,-4.82,-9.46,-3.5730000000000004,-0.5150000000000006,146.208,17.0,3.4582999999999995,3.4582999999999995,1.0,0.30788095004842325,22.0,217.32299999999998,0.0,0.0600000000000005,42.3699,21.0,39.597979746446654,83.76453221196577,20.0
1035,1,Typical,touch,Alligator,36.2793317328094,20706.5,1586,1476,0,-0.17177350267232983,4.45,7.72,1.0,0.0001318217769575534,-1.651,-11.46,3.199,-1.7800000000000011,145.1859,16.0,5.68,2.790000000000001,0.7916666666666666,2.046305650511986,22.0,255.92399999999998,4.0,14.643,48.59700000000001,18.0,75.12180909347863,53.99820243997104,18.0
1035,1,Typical,touch,Chamaeleon,-38.5461661092906,-16785.0,1650,1470,0,-0.08337884365855373,5.184,7.64,0.14285714285714285,0.00013747594171020073,-3.97,-11.42,-2.133,-3.9699999999999998,151.466,17.0,3.0470000000000015,2.112000000000001,1.0,0.32327882020439247,22.0,270.342,7.0,0.0,82.36999999999999,22.0,37.45162754661942,87.97747993854695,5.0
1035,1,Typical,touch,Falke,-19.3892192596084,-6773.5,1320,1100,0,-0.5391638041983368,4.1,7.598,1.0,0.005917159763313609,-1.225,-7.05,6.791,5.500000000000001,140.834,17.0,0.0,0.0,0.041666666666666664,6.282913899443543,17.0,142.54299999999998,17.0,169.77300000000002,0.0,17.0,155.26518118772736,52.5185607843192,18.0
1035,1,Typical,touch,Goldfisch,27.321436224186,7311.0,1804,1604,0,0.129320804593345,2.568,7.555,1.0,0.001451378809869376,-0.4539,-8.414,6.0731,3.2859999999999996,137.4658,17.0,0.3800000000000008,0.0,0.08333333333333333,5.254619675872444,18.0,162.2903,18.0,83.28269999999999,0.3800000000000008,19.0,130.99429335067194,65.66149375924455,19.0
1035,1,Typical,touch,Hai,-30.6152814032479,-14751.5,1690,1500,0,-0.028132181774943678,3.463,7.656,0.5,0.0010214504596527069,-1.455,-8.75,6.6850000000000005,1.0549999999999997,146.10299999999998,17.0,0.0,0.0,0.041666666666666664,3.5044191848582944,19.0,170.33700000000002,18.0,66.883,0.0,19.0,115.92960434836164,32.52035186190416,19.0
1035,1,Typical,touch,Hund,57.4329339452081,28275.5,1220,1140,0,-0.6772804589073619,4.71,7.824,0.07142857142857142,0.0003957261574990107,-4.895,-9.766,1.2930000000000001,-0.8559999999999999,145.851,16.0,0.9599999999999991,0.9599999999999991,0.75,0.2733185827431956,19.0,224.609,0.0,16.677,5.531000000000001,16.0,60.38654795132443,41.35746029182099,16.0
1035,1,Typical,touch,Kaninchen,27.7804091720335,8397.0,1190,1020,0,-0.7187154553200694,5.434,7.836,0.07142857142857142,0.0005599104143337066,-4.344,-9.39,0.8319999999999999,2.51,142.117,16.0,0.0,0.0,0.041666666666666664,0.22004211053077194,22.0,223.166,0.0,67.84799999999998,0.0,0.0,66.49600405715856,42.205436002072055,1.0
1035,1,Typical,touch,Katze,46.4376608743301,24145.5,1180,1110,0,-0.7325271207909719,5.355,7.812,0.1111111111111111,0.0004655493482309125,-4.63,-9.59,-0.06400000000000006,2.75,149.12400000000002,17.0,0.0,0.0,1.0,0.27924582434778517,22.0,223.119,0.0,61.901999999999994,0.06400000000000006,15.0,64.76828807422034,43.08931947855524,1.0
1035,1,Typical,touch,Klapperschlange,13.6357774020819,5866.5,4160,4110,0,3.3833491895379777,4.68,7.582,0.14285714285714285,9.127418765972983e-05,-4.254,-12.266,1.883,-0.5960000000000001,159.38500000000002,17.0,6.5600000000000005,1.8800000000000008,0.7916666666666666,0.3341395210556347,22.0,272.101,17.0,8.696000000000002,39.196,19.0,57.67892111225579,46.71186066420429,19.0
1035,1,Typical,touch,Lachs,38.9527269585774,23994.0,1370,1300,0,-0.47010547684382414,3.541,7.77,1.0,0.0009478672985781991,-1.035,-8.805,10.285,1.1550000000000011,144.0922,18.0,0.0,0.0,0.041666666666666664,6.089705803380613,17.0,161.35778,17.0,101.29222,0.0,18.0,183.51630680482114,40.1096654152545,18.0
1035,1,Typical,touch,Loewe,-50.5050606303592,-29402.0,1384,1294,0,-0.4507691451845606,5.51,7.688,0.05,0.0002795638803466592,-5.027,-10.305,0.21499999999999986,-1.2889999999999997,152.458,17.0,2.63,2.63,0.9166666666666666,0.19016061941084472,20.0,230.844,0.0,0.8309999999999995,34.827,20.0,64.0926005884869,40.3879506035535,20.0
1035,1,Typical,touch,Pferd,82.4323299088722,44965.5,960,870,0,-1.0363837611508273,4.496,7.67,0.022727272727272728,0.0003792188092529389,-6.055,-9.88,-0.12099999999999955,-2.243000000000001,147.17399999999998,17.0,3.4650000000000007,2.479000000000001,1.0,0.11968439300255372,20.0,227.091,0.0,0.3200000000000003,35.980000000000004,4.0,48.46719800578261,39.341101111093735,20.0
1035,1,Typical,touch,Spatz,-21.955534869616,-14456.5,1230,1140,0,-0.6634687934364594,4.57,7.566,1.0,0.0055248618784530384,-1.347,-7.027,8.363000000000001,2.9330000000000007,144.0912,17.0,0.0,0.0,0.041666666666666664,6.366632781654495,17.0,141.23298,17.0,117.94501999999999,0.0,17.0,126.0473080182301,32.63877843707358,18.0
1035,1,Atypical,touch,Aal,46.4210961777617,18973.0,1213,1093,0,-0.6869486247369937,4.24,7.477,1.0,0.0019011406844106464,-1.614,-8.125,5.753,3.359,144.142,17.0,0.0,0.0,0.041666666666666664,5.350612693200015,18.0,165.81730000000002,18.0,117.51970000000001,0.0,19.0,143.91418385457848,60.76871534313391,19.0
1035,1,Atypical,touch,Fledermaus,-46.0742583700569,-27178.0,2530,1740,0,1.1320477177808677,4.906,7.652,0.0018656716417910447,0.00028538812785388126,-8.734,-10.266,-5.031000000000001,-2.3259999999999996,165.516,16.0,0.0,0.0,1.0,0.013391970707803893,20.0,246.002,0.0,0.0,71.10400000000001,4.0,33.0876255149752,94.95394459707009,11.0
1035,1,Atypical,touch,Pinguin,-91.500039338619,-64090.0,1791,1661,0,0.11136563948117173,3.906,7.797,1.0,0.00510204081632653,-1.1875,-7.18,1.3624999999999998,1.5999999999999996,145.61399999999998,17.0,0.0,0.0,0.041666666666666664,5.679021674422119,18.0,146.9875,17.0,33.1655,0.0,17.0,55.065940584902386,33.47984880766462,18.0
1035,1,Atypical,touch,Schmetterling,-23.8128356722409,-8069.5,1819,1489,0,0.15003830279969876,4.43,7.85,0.3333333333333333,0.002136752136752137,-2.312,-7.945,1.411,-0.47500000000000053,158.62099999999998,17.0,4.65,2.465,0.75,5.691326469022061,17.0,179.6365,16.0,10.327499999999999,28.194,4.0,82.81711961061038,45.56419321270815,20.0
1035,1,Atypical,touch,Seeloewe,87.9488159703689,58923.5,2320,2180,0,0.8420027428919148,4.348,7.875,0.05263157894736842,0.0005339028296849973,-5.105,-9.414,-2.9530000000000003,-0.4339999999999993,149.56099999999998,17.0,3.7669999999999995,3.7669999999999995,1.0,0.17601902325040447,20.0,221.144,0.0,0.0,42.194,21.0,46.43150387400727,85.84442051756527,20.0
1035,1,Atypical,touch,Wal,-26.0126447996608,-8177.0,2080,1860,0,0.5105227715902544,4.02,7.723,0.125,0.0005310674455655868,-4.82,-9.46,-3.5730000000000004,-0.5150000000000006,146.208,17.0,3.4582999999999995,3.4582999999999995,1.0,0.30788095004842325,22.0,217.32299999999998,0.0,0.0600000000000005,42.3699,21.0,39.597979746446654,83.76453221196577,20.0
1036,0,Typical,touch,Alligator,-38.7422988501335,-14584.5,730,660,0,-1.836960288899245,4.45,7.72,1.0,0.0001318217769575534,-1.651,-11.46,3.199,-1.7800000000000011,145.1859,16.0,5.68,2.790000000000001,0.7916666666666666,2.046305650511986,22.0,255.92399999999998,4.0,14.643,48.59700000000001,18.0,75.12180909347863,53.99820243997104,18.0
1036,0,Typical,touch,Klapperschlange,-78.1069887359132,-30047.0,1780,1190,0,0.357492271791769,4.68,7.582,0.14285714285714285,9.127418765972983e-05,-4.254,-12.266,1.883,-0.5960000000000001,159.38500000000002,17.0,6.5600000000000005,1.8800000000000008,0.7916666666666666,0.3341395210556347,22.0,272.101,17.0,8.696000000000002,39.196,19.0,57.67892111225579,46.71186066420429,19.0
1036,0,Atypical,touch,Wal,460.963046626425,234575.0,2546,2446,1,1.9583976636863563,4.02,7.723,0.125,0.0005310674455655868,-4.82,-9.46,-3.5730000000000004,-0.5150000000000006,146.208,17.0,3.4582999999999995,3.4582999999999995,1.0,0.30788095004842325,22.0,217.32299999999998,0.0,0.0600000000000005,42.3699,21.0,39.597979746446654,83.76453221196577,20.0
1036,1,Typical,touch,Chamaeleon,-58.2735468420689,-24667.5,1591,1461,0,-0.037509189132613495,5.184,7.64,0.14285714285714285,0.00013747594171020073,-3.97,-11.42,-2.133,-3.9699999999999998,151.466,17.0,3.0470000000000015,2.112000000000001,1.0,0.32327882020439247,22.0,270.342,7.0,0.0,82.36999999999999,22.0,37.45162754661942,87.97747993854695,5.0
1036,1,Typical,touch,Falke,-49.4393801165173,-23374.0,1590,1500,0,-0.03959914395231922,4.1,7.598,1.0,0.005917159763313609,-1.225,-7.05,6.791,5.500000000000001,140.834,17.0,0.0,0.0,0.041666666666666664,6.282913899443543,17.0,142.54299999999998,17.0,169.77300000000002,0.0,17.0,155.26518118772736,52.5185607843192,18.0
1036,1,Typical,touch,Goldfisch,-74.2784055821929,-35283.5,1180,990,1,-0.8964806200316675,2.568,7.555,1.0,0.001451378809869376,-0.4539,-8.414,6.0731,3.2859999999999996,137.4658,17.0,0.3800000000000008,0.0,0.08333333333333333,5.254619675872444,18.0,162.2903,18.0,83.28269999999999,0.3800000000000008,19.0,130.99429335067194,65.66149375924455,19.0
1036,1,Typical,touch,Hai,495.585642545024,266177.0,1290,1140,2,-0.6665855898640375,3.463,7.656,0.5,0.0010214504596527069,-1.455,-8.75,6.6850000000000005,1.0549999999999997,146.10299999999998,17.0,0.0,0.0,0.041666666666666664,3.5044191848582944,19.0,170.33700000000002,18.0,66.883,0.0,19.0,115.92960434836164,32.52035186190416,19.0
1036,1,Typical,touch,Hund,924.075732195629,347543.0,1380,1340,4,-0.47848965609052196,4.71,7.824,0.07142857142857142,0.0003957261574990107,-4.895,-9.766,1.2930000000000001,-0.8559999999999999,145.851,16.0,0.9599999999999991,0.9599999999999991,0.75,0.2733185827431956,19.0,224.609,0.0,16.677,5.531000000000001,16.0,60.38654795132443,41.35746029182099,16.0
1036,1,Typical,touch,Kaninchen,-42.8716427271455,-13406.5,1460,1180,0,-0.3112932705140638,5.434,7.836,0.07142857142857142,0.0005599104143337066,-4.344,-9.39,0.8319999999999999,2.51,142.117,16.0,0.0,0.0,0.041666666666666664,0.22004211053077194,22.0,223.166,0.0,67.84799999999998,0.0,0.0,66.49600405715856,42.205436002072055,1.0
1036,1,Typical,touch,Katze,71.6262810119079,32503.5,1390,1340,1,-0.4575901078934647,5.355,7.812,0.1111111111111111,0.0004655493482309125,-4.63,-9.59,-0.06400000000000006,2.75,149.12400000000002,17.0,0.0,0.0,1.0,0.27924582434778517,22.0,223.119,0.0,61.901999999999994,0.06400000000000006,15.0,64.76828807422034,43.08931947855524,1.0
1036,1,Typical,touch,Lachs,59.5663726082729,34261.5,2430,2070,3,1.7159629046004918,3.541,7.77,1.0,0.0009478672985781991,-1.035,-8.805,10.285,1.1550000000000011,144.0922,18.0,0.0,0.0,0.041666666666666664,6.089705803380613,17.0,161.35778,17.0,101.29222,0.0,18.0,183.51630680482114,40.1096654152545,18.0
1036,1,Typical,touch,Loewe,28.543255232137,8077.5,1230,1100,1,-0.7919828790463811,5.51,7.688,0.05,0.0002795638803466592,-5.027,-10.305,0.21499999999999986,-1.2889999999999997,152.458,17.0,2.63,2.63,0.9166666666666666,0.19016061941084472,20.0,230.844,0.0,0.8309999999999995,34.827,20.0,64.0926005884869,40.3879506035535,20.0
1036,1,Typical,touch,Pferd,22.7651547512346,920.5,1561,1501,0,-0.10020783372378532,4.496,7.67,0.022727272727272728,0.0003792188092529389,-6.055,-9.88,-0.12099999999999955,-2.243000000000001,147.17399999999998,17.0,3.4650000000000007,2.479000000000001,1.0,0.11968439300255372,20.0,227.091,0.0,0.3200000000000003,35.980000000000004,4.0,48.46719800578261,39.341101111093735,20.0
1036,1,Typical,touch,Spatz,30.3497253611685,12795.5,1842,1772,0,0.48706947061352407,4.57,7.566,1.0,0.0055248618784530384,-1.347,-7.027,8.363000000000001,2.9330000000000007,144.0912,17.0,0.0,0.0,0.041666666666666664,6.366632781654495,17.0,141.23298,17.0,117.94501999999999,0.0,17.0,126.0473080182301,32.63877843707358,18.0
1036,1,Atypical,touch,Aal,-42.2744789809081,-22745.5,1799,1220,0,0.3972014133661778,4.24,7.477,1.0,0.0019011406844106464,-1.614,-8.125,5.753,3.359,144.142,17.0,0.0,0.0,0.041666666666666664,5.350612693200015,18.0,165.81730000000002,18.0,117.51970000000001,0.0,19.0,143.91418385457848,60.76871534313391,19.0
1036,1,Atypical,touch,Fledermaus,-76.3669149458354,-47202.0,850,660,0,-1.5861657105345575,4.906,7.652,0.0018656716417910447,0.00028538812785388126,-8.734,-10.266,-5.031000000000001,-2.3259999999999996,165.516,16.0,0.0,0.0,1.0,0.013391970707803893,20.0,246.002,0.0,0.0,71.10400000000001,4.0,33.0876255149752,94.95394459707009,11.0
1036,1,Atypical,touch,Pinguin,56.2429432419918,32566.5,2251,2231,2,1.3418609918731665,3.906,7.797,1.0,0.00510204081632653,-1.1875,-7.18,1.3624999999999998,1.5999999999999996,145.61399999999998,17.0,0.0,0.0,0.041666666666666664,5.679021674422119,18.0,146.9875,17.0,33.1655,0.0,17.0,55.065940584902386,33.47984880766462,18.0
1036,1,Atypical,touch,Schmetterling,414.629596050286,51645.5,1710,1580,2,0.21119543441236807,4.43,7.85,0.3333333333333333,0.002136752136752137,-2.312,-7.945,1.411,-0.47500000000000053,158.62099999999998,17.0,4.65,2.465,0.75,5.691326469022061,17.0,179.6365,16.0,10.327499999999999,28.194,4.0,82.81711961061038,45.56419321270815,20.0
1036,1,Atypical,touch,Seeloewe,43.7437415361665,1823.0,1960,1870,0,0.7336841393388,4.348,7.875,0.05263157894736842,0.0005339028296849973,-5.105,-9.414,-2.9530000000000003,-0.4339999999999993,149.56099999999998,17.0,3.7669999999999995,3.7669999999999995,1.0,0.17601902325040447,20.0,221.144,0.0,0.0,42.194,21.0,46.43150387400727,85.84442051756527,20.0
1037,0,Atypical,click,Wal,125.956702192446,90391.0,1158,878,0,-0.9638630077448618,4.02,7.723,0.125,0.0005310674455655868,-4.82,-9.46,-3.5730000000000004,-0.5150000000000006,146.208,17.0,3.4582999999999995,3.4582999999999995,1.0,0.30788095004842325,22.0,217.32299999999998,0.0,0.0600000000000005,42.3699,21.0,39.597979746446654,83.76453221196577,20.0
1037,1,Typical,click,Alligator,-59.930480366494,-19467.5,1517,1060,3,-0.37836923485077484,4.45,7.72,1.0,0.0001318217769575534,-1.651,-11.46,3.199,-1.7800000000000011,145.1859,16.0,5.68,2.790000000000001,0.7916666666666666,2.046305650511986,22.0,255.92399999999998,4.0,14.643,48.59700000000001,18.0,75.12180909347863,53.99820243997104,18.0
1037,1,Typical,click,Chamaeleon,483.916464007382,228736.0,1749,1340,2,0.0,5.184,7.64,0.14285714285714285,0.00013747594171020073,-3.97,-11.42,-2.133,-3.9699999999999998,151.466,17.0,3.0470000000000015,2.112000000000001,1.0,0.32327882020439247,22.0,270.342,7.0,0.0,82.36999999999999,22.0,37.45162754661942,87.97747993854695,5.0
1037,1,Typical,click,Falke,37.5847741897103,1978.0,1341,820,0,-0.6654079647375696,4.1,7.598,1.0,0.005917159763313609,-1.225,-7.05,6.791,5.500000000000001,140.834,17.0,0.0,0.0,0.041666666666666664,6.282913899443543,17.0,142.54299999999998,17.0,169.77300000000002,0.0,17.0,155.26518118772736,52.5185607843192,18.0
1037,1,Typical,click,Goldfisch,96.8838992879117,54120.5,1933,1220,1,0.300085944881649,2.568,7.555,1.0,0.001451378809869376,-0.4539,-8.414,6.0731,3.2859999999999996,137.4658,17.0,0.3800000000000008,0.0,0.08333333333333333,5.254619675872444,18.0,162.2903,18.0,83.28269999999999,0.3800000000000008,19.0,130.99429335067194,65.66149375924455,19.0
1037,1,Typical,click,Hai,528.406436013092,315063.0,1246,940,1,-0.8203436428014644,3.463,7.656,0.5,0.0010214504596527069,-1.455,-8.75,6.6850000000000005,1.0549999999999997,146.10299999999998,17.0,0.0,0.0,0.041666666666666664,3.5044191848582944,19.0,170.33700000000002,18.0,66.883,0.0,19.0,115.92960434836164,32.52035186190416,19.0
1037,1,Typical,click,Hund,199.353511604128,103067.5,1542,901,1,-0.33759668799185516,4.71,7.824,0.07142857142857142,0.0003957261574990107,-4.895,-9.766,1.2930000000000001,-0.8559999999999999,145.851,16.0,0.9599999999999991,0.9599999999999991,0.75,0.2733185827431956,19.0,224.609,0.0,16.677,5.531000000000001,16.0,60.38654795132443,41.35746029182099,16.0
1037,1,Typical,click,Kaninchen,-48.176081734188,4112.0,1958,1310,0,0.3408584917405687,5.434,7.836,0.07142857142857142,0.0005599104143337066,-4.344,-9.39,0.8319999999999999,2.51,142.117,16.0,0.0,0.0,0.041666666666666664,0.22004211053077194,22.0,223.166,0.0,67.84799999999998,0.0,0.0,66.49600405715856,42.205436002072055,1.0
1037,1,Typical,click,Katze,302.7430481198,140052.5,1444,1180,1,-0.4974250716788204,5.355,7.812,0.1111111111111111,0.0004655493482309125,-4.63,-9.59,-0.06400000000000006,2.75,149.12400000000002,17.0,0.0,0.0,1.0,0.27924582434778517,22.0,223.119,0.0,61.901999999999994,0.06400000000000006,15.0,64.76828807422034,43.08931947855524,1.0
1037,1,Typical,click,Klapperschlange,652.148689565431,311187.0,3701,2781,1,3.1835204587444506,4.68,7.582,0.14285714285714285,9.127418765972983e-05,-4.254,-12.266,1.883,-0.5960000000000001,159.38500000000002,17.0,6.5600000000000005,1.8800000000000008,0.7916666666666666,0.3341395210556347,22.0,272.101,17.0,8.696000000000002,39.196,19.0,57.67892111225579,46.71186066420429,19.0
1037,1,Typical,click,Lachs,71.3717550329971,33992.0,1454,900,0,-0.4811160529352525,3.541,7.77,1.0,0.0009478672985781991,-1.035,-8.805,10.285,1.1550000000000011,144.0922,18.0,0.0,0.0,0.041666666666666664,6.089705803380613,17.0,161.35778,17.0,101.29222,0.0,18.0,183.51630680482114,40.1096654152545,18.0
1037,1,Typical,click,Loewe,83.4108268004198,65743.0,1198,780,1,-0.8986269327705902,5.51,7.688,0.05,0.0002795638803466592,-5.027,-10.305,0.21499999999999986,-1.2889999999999997,152.458,17.0,2.63,2.63,0.9166666666666666,0.19016061941084472,20.0,230.844,0.0,0.8309999999999995,34.827,20.0,64.0926005884869,40.3879506035535,20.0
1037,1,Typical,click,Pferd,-154.335314838677,-65969.5,1510,990,0,-0.38978554797127235,4.496,7.67,0.022727272727272728,0.0003792188092529389,-6.055,-9.88,-0.12099999999999955,-2.243000000000001,147.17399999999998,17.0,3.4650000000000007,2.479000000000001,1.0,0.11968439300255372,20.0,227.091,0.0,0.3200000000000003,35.980000000000004,4.0,48.46719800578261,39.341101111093735,20.0
1037,1,Typical,click,Spatz,243.370559358664,124790.0,1245,1060,3,-0.8219745446758212,4.57,7.566,1.0,0.0055248618784530384,-1.347,-7.027,8.363000000000001,2.9330000000000007,144.0912,17.0,0.0,0.0,0.041666666666666664,6.366632781654495,17.0,141.23298,17.0,117.94501999999999,0.0,17.0,126.0473080182301,32.63877843707358,18.0
1037,1,Atypical,click,Aal,72.7732901999159,30029.5,1446,1030,1,-0.49416326793010684,4.24,7.477,1.0,0.0019011406844106464,-1.614,-8.125,5.753,3.359,144.142,17.0,0.0,0.0,0.041666666666666664,5.350612693200015,18.0,165.81730000000002,18.0,117.51970000000001,0.0,19.0,143.91418385457848,60.76871534313391,19.0
1037,1,Atypical,click,Fledermaus,99.5957687940646,40044.0,2045,1580,3,0.4827469548096093,4.906,7.652,0.0018656716417910447,0.00028538812785388126,-8.734,-10.266,-5.031000000000001,-2.3259999999999996,165.516,16.0,0.0,0.0,1.0,0.013391970707803893,20.0,246.002,0.0,0.0,71.10400000000001,4.0,33.0876255149752,94.95394459707009,11.0
1037,1,Atypical,click,Pinguin,406.971852971067,250271.0,2086,1261,1,0.5496139316582376,3.906,7.797,1.0,0.00510204081632653,-1.1875,-7.18,1.3624999999999998,1.5999999999999996,145.61399999999998,17.0,0.0,0.0,0.041666666666666664,5.679021674422119,18.0,146.9875,17.0,33.1655,0.0,17.0,55.065940584902386,33.47984880766462,18.0
1037,1,Atypical,click,Schmetterling,-60.8624043103226,-42.5,1973,1412,2,0.36532201985592055,4.43,7.85,0.3333333333333333,0.002136752136752137,-2.312,-7.945,1.411,-0.47500000000000053,158.62099999999998,17.0,4.65,2.465,0.75,5.691326469022061,17.0,179.6365,16.0,10.327499999999999,28.194,4.0,82.81711961061038,45.56419321270815,20.0
1037,1,Atypical,click,Seeloewe,56.0126573893085,29540.5,2685,1821,2,1.5265241543979537,4.348,7.875,0.05263157894736842,0.0005339028296849973,-5.105,-9.414,-2.9530000000000003,-0.4339999999999993,149.56099999999998,17.0,3.7669999999999995,3.7669999999999995,1.0,0.17601902325040447,20.0,221.144,0.0,0.0,42.194,21.0,46.43150387400727,85.84442051756527,20.0
1038,0,Typical,touch,Kaninchen,86.3123113582967,38471.0,1130,1060,2,0.06189678008528125,5.434,7.836,0.07142857142857142,0.0005599104143337066,-4.344,-9.39,0.8319999999999999,2.51,142.117,16.0,0.0,0.0,0.041666666666666664,0.22004211053077194,22.0,223.166,0.0,67.84799999999998,0.0,0.0,66.49600405715856,42.205436002072055,1.0
1038,0,Atypical,touch,Pinguin,19.4679088472547,5682.0,1170,820,1,0.18700729302361502,3.906,7.797,1.0,0.00510204081632653,-1.1875,-7.18,1.3624999999999998,1.5999999999999996,145.61399999999998,17.0,0.0,0.0,0.041666666666666664,5.679021674422119,18.0,146.9875,17.0,33.1655,0.0,17.0,55.065940584902386,33.47984880766462,18.0
1038,1,Typical,touch,Alligator,11.1467050333409,4604.5,1125,1085,0,0.04625796596798953,4.45,7.72,1.0,0.0001318217769575534,-1.651,-11.46,3.199,-1.7800000000000011,145.1859,16.0,5.68,2.790000000000001,0.7916666666666666,2.046305650511986,22.0,255.92399999999998,4.0,14.643,48.59700000000001,18.0,75.12180909347863,53.99820243997104,18.0
1038,1,Typical,touch,Chamaeleon,37.3969107918007,21262.5,1071,981,1,-0.12264122649876105,5.184,7.64,0.14285714285714285,0.00013747594171020073,-3.97,-11.42,-2.133,-3.9699999999999998,151.466,17.0,3.0470000000000015,2.112000000000001,1.0,0.32327882020439247,22.0,270.342,7.0,0.0,82.36999999999999,22.0,37.45162754661942,87.97747993854695,5.0
1038,1,Typical,touch,Falke,42.7119151093426,20088.5,940,780,0,-0.5323781563718041,4.1,7.598,1.0,0.005917159763313609,-1.225,-7.05,6.791,5.500000000000001,140.834,17.0,0.0,0.0,0.041666666666666664,6.282913899443543,17.0,142.54299999999998,17.0,169.77300000000002,0.0,17.0,155.26518118772736,52.5185607843192,18.0
1038,1,Typical,touch,Goldfisch,138.391041992753,95066.0,830,700,0,-0.876432066952222,2.568,7.555,1.0,0.001451378809869376,-0.4539,-8.414,6.0731,3.2859999999999996,137.4658,17.0,0.3800000000000008,0.0,0.08333333333333333,5.254619675872444,18.0,162.2903,18.0,83.28269999999999,0.3800000000000008,19.0,130.99429335067194,65.66149375924455,19.0
1038,1,Typical,touch,Hai,761.07051495318,344737.0,1780,1620,1,2.094942615333205,3.463,7.656,0.5,0.0010214504596527069,-1.455,-8.75,6.6850000000000005,1.0549999999999997,146.10299999999998,17.0,0.0,0.0,0.041666666666666664,3.5044191848582944,19.0,170.33700000000002,18.0,66.883,0.0,19.0,115.92960434836164,32.52035186190416,19.0
1038,1,Typical,touch,Hund,-39.7995870919321,-22750.0,871,621,0,-0.7481937911904298,4.71,7.824,0.07142857142857142,0.0003957261574990107,-4.895,-9.766,1.2930000000000001,-0.8559999999999999,145.851,16.0,0.9599999999999991,0.9599999999999991,0.75,0.2733185827431956,19.0,224.609,0.0,16.677,5.531000000000001,16.0,60.38654795132443,41.35746029182099,16.0
1038,1,Typical,touch,Katze,-54.1400007329696,-30028.0,731,701,1,-1.186080586474598,5.355,7.812,0.1111111111111111,0.0004655493482309125,-4.63,-9.59,-0.06400000000000006,2.75,149.12400000000002,17.0,0.0,0.0,1.0,0.27924582434778517,22.0,223.119,0.0,61.901999999999994,0.06400000000000006,15.0,64.76828807422034,43.08931947855524,1.0
1038,1,Typical,touch,Klapperschlange,104.35028825043,50094.0,1790,1670,2,2.126220243567788,4.68,7.582,0.14285714285714285,9.127418765972983e-05,-4.254,-12.266,1.883,-0.5960000000000001,159.38500000000002,17.0,6.5600000000000005,1.8800000000000008,0.7916666666666666,0.3341395210556347,22.0,272.101,17.0,8.696000000000002,39.196,19.0,57.67892111225579,46.71186066420429,19.0
1038,1,Typical,touch,Lachs,90.4897912662269,53096.5,910,790,0,-0.6262110410755545,3.541,7.77,1.0,0.0009478672985781991,-1.035,-8.805,10.285,1.1550000000000011,144.0922,18.0,0.0,0.0,0.041666666666666664,6.089705803380613,17.0,161.35778,17.0,101.29222,0.0,18.0,183.51630680482114,40.1096654152545,18.0
1038,1,Typical,touch,Loewe,188.303306144224,128258.0,950,660,2,-0.5011005281372207,5.51,7.688,0.05,0.0002795638803466592,-5.027,-10.305,0.21499999999999986,-1.2889999999999997,152.458,17.0,2.63,2.63,0.9166666666666666,0.19016061941084472,20.0,230.844,0.0,0.8309999999999995,34.827,20.0,64.0926005884869,40.3879506035535,20.0
1038,1,Typical,touch,Pferd,32.5883951305898,12586.0,666,586,0,-1.3893851699993904,4.496,7.67,0.022727272727272728,0.0003792188092529389,-6.055,-9.88,-0.12099999999999955,-2.243000000000001,147.17399999999998,17.0,3.4650000000000007,2.479000000000001,1.0,0.11968439300255372,20.0,227.091,0.0,0.3200000000000003,35.980000000000004,4.0,48.46719800578261,39.341101111093735,20.0
1038,1,Typical,touch,Spatz,101.718037738702,72488.0,910,820,1,-0.6262110410755545,4.57,7.566,1.0,0.0055248618784530384,-1.347,-7.027,8.363000000000001,2.9330000000000007,144.0912,17.0,0.0,0.0,0.041666666666666664,6.366632781654495,17.0,141.23298,17.0,117.94501999999999,0.0,17.0,126.0473080182301,32.63877843707358,18.0
1038,1,Atypical,touch,Aal,54.1453248717354,34817.0,1320,1020,0,0.6561717165423666,4.24,7.477,1.0,0.0019011406844106464,-1.614,-8.125,5.753,3.359,144.142,17.0,0.0,0.0,0.041666666666666664,5.350612693200015,18.0,165.81730000000002,18.0,117.51970000000001,0.0,19.0,143.91418385457848,60.76871534313391,19.0
1038,1,Atypical,touch,Fledermaus,315.087141165307,134018.0,1491,1471,2,1.1910191593537434,4.906,7.652,0.0018656716417910447,0.00028538812785388126,-8.734,-10.266,-5.031000000000001,-2.3259999999999996,165.516,16.0,0.0,0.0,1.0,0.013391970707803893,20.0,246.002,0.0,0.0,71.10400000000001,4.0,33.0876255149752,94.95394459707009,11.0
1038,1,Atypical,touch,Schmetterling,-17.218124085636,-11195.5,989,909,0,-0.37911777802234525,4.43,7.85,0.3333333333333333,0.002136752136752137,-2.312,-7.945,1.411,-0.47500000000000053,158.62099999999998,17.0,4.65,2.465,0.75,5.691326469022061,17.0,179.6365,16.0,10.327499999999999,28.194,4.0,82.81711961061038,45.56419321270815,20.0
1038,1,Atypical,touch,Seeloewe,136.31047475785,83049.0,1420,1020,1,0.968947998888201,4.348,7.875,0.05263157894736842,0.0005339028296849973,-5.105,-9.414,-2.9530000000000003,-0.4339999999999993,149.56099999999998,17.0,3.7669999999999995,3.7669999999999995,1.0,0.17601902325040447,20.0,221.144,0.0,0.0,42.194,21.0,46.43150387400727,85.84442051756527,20.0
1038,1,Atypical,touch,Wal,42.1266215575211,23784.0,1000,900,0,-0.34471238696430345,4.02,7.723,0.125,0.0005310674455655868,-4.82,-9.46,-3.5730000000000004,-0.5150000000000006,146.208,17.0,3.4582999999999995,3.4582999999999995,1.0,0.30788095004842325,22.0,217.32299999999998,0.0,0.0600000000000005,42.3699,21.0,39.597979746446654,83.76453221196577,20.0
1039,1,Typical,click,Alligator,-24.8856495267311,-8577.5,1798,1310,0,-0.4278383568413335,4.45,7.72,1.0,0.0001318217769575534,-1.651,-11.46,3.199,-1.7800000000000011,145.1859,16.0,5.68,2.790000000000001,0.7916666666666666,2.046305650511986,22.0,255.92399999999998,4.0,14.643,48.59700000000001,18.0,75.12180909347863,53.99820243997104,18.0
1039,1,Typical,click,Chamaeleon,204.899975597851,102582.0,1805,1260,1,-0.41365881498738444,5.184,7.64,0.14285714285714285,0.00013747594171020073,-3.97,-11.42,-2.133,-3.9699999999999998,151.466,17.0,3.0470000000000015,2.112000000000001,1.0,0.32327882020439247,22.0,270.342,7.0,0.0,82.36999999999999,22.0,37.45162754661942,87.97747993854695,5.0
1039,1,Typical,click,Falke,46.7856610499782,41202.5,1669,1140,1,-0.689147056721251,4.1,7.598,1.0,0.005917159763313609,-1.225,-7.05,6.791,5.500000000000001,140.834,17.0,0.0,0.0,0.041666666666666664,6.282913899443543,17.0,142.54299999999998,17.0,169.77300000000002,0.0,17.0,155.26518118772736,52.5185607843192,18.0
1039,1,Typical,click,Goldfisch,-33.6721986221609,-6037.5,1565,1140,0,-0.8998145356942077,2.568,7.555,1.0,0.001451378809869376,-0.4539,-8.414,6.0731,3.2859999999999996,137.4658,17.0,0.3800000000000008,0.0,0.08333333333333333,5.254619675872444,18.0,162.2903,18.0,83.28269999999999,0.3800000000000008,19.0,130.99429335067194,65.66149375924455,19.0
1039,1,Typical,click,Hai,-63.9632723597981,-37257.0,2174,1670,0,0.33380560559935624,3.463,7.656,0.5,0.0010214504596527069,-1.455,-8.75,6.6850000000000005,1.0549999999999997,146.10299999999998,17.0,0.0,0.0,0.041666666666666664,3.5044191848582944,19.0,170.33700000000002,18.0,66.883,0.0,19.0,115.92960434836164,32.52035186190416,19.0
1039,1,Typical,click,Hund,-36.2210279240839,-20135.0,1285,860,0,-1.466996209852168,4.71,7.824,0.07142857142857142,0.0003957261574990107,-4.895,-9.766,1.2930000000000001,-0.8559999999999999,145.851,16.0,0.9599999999999991,0.9599999999999991,0.75,0.2733185827431956,19.0,224.609,0.0,16.677,5.531000000000001,16.0,60.38654795132443,41.35746029182099,16.0
1039,1,Typical,click,Kaninchen,-30.0504672844782,13866.5,1605,940,0,-0.8187885822430705,5.434,7.836,0.07142857142857142,0.0005599104143337066,-4.344,-9.39,0.8319999999999999,2.51,142.117,16.0,0.0,0.0,0.041666666666666664,0.22004211053077194,22.0,223.166,0.0,67.84799999999998,0.0,0.0,66.49600405715856,42.205436002072055,1.0
1039,1,Typical,click,Katze,38.2023595277222,12945.5,1485,780,0,-1.061866442596482,5.355,7.812,0.1111111111111111,0.0004655493482309125,-4.63,-9.59,-0.06400000000000006,2.75,149.12400000000002,17.0,0.0,0.0,1.0,0.27924582434778517,22.0,223.119,0.0,61.901999999999994,0.06400000000000006,15.0,64.76828807422034,43.08931947855524,1.0
1039,1,Typical,click,Klapperschlange,-35.5499589625067,-15905.5,2231,1631,1,0.44926758926722676,4.68,7.582,0.14285714285714285,9.127418765972983e-05,-4.254,-12.266,1.883,-0.5960000000000001,159.38500000000002,17.0,6.5600000000000005,1.8800000000000008,0.7916666666666666,0.3341395210556347,22.0,272.101,17.0,8.696000000000002,39.196,19.0,57.67892111225579,46.71186066420429,19.0
1039,1,Typical,click,Lachs,246.466314556115,175329.5,2037,1460,2,0.05629171502921133,3.541,7.77,1.0,0.0009478672985781991,-1.035,-8.805,10.285,1.1550000000000011,144.0922,18.0,0.0,0.0,0.041666666666666664,6.089705803380613,17.0,161.35778,17.0,101.29222,0.0,18.0,183.51630680482114,40.1096654152545,18.0
1039,1,Typical,click,Loewe,72.7934441722552,18738.0,1431,751,0,-1.1712514797555174,5.51,7.688,0.05,0.0002795638803466592,-5.027,-10.305,0.21499999999999986,-1.2889999999999997,152.458,17.0,2.63,2.63,0.9166666666666666,0.19016061941084472,20.0,230.844,0.0,0.8309999999999995,34.827,20.0,64.0926005884869,40.3879506035535,20.0
1039,1,Typical,click,Pferd,-41.6870300924237,80.0,1653,1100,0,-0.7215574381017058,4.496,7.67,0.022727272727272728,0.0003792188092529389,-6.055,-9.88,-0.12099999999999955,-2.243000000000001,147.17399999999998,17.0,3.4650000000000007,2.479000000000001,1.0,0.11968439300255372,20.0,227.091,0.0,0.3200000000000003,35.980000000000004,4.0,48.46719800578261,39.341101111093735,20.0
1039,1,Typical,click,Spatz,661.677511079044,147058.5,2678,2110,3,1.354732619083685,4.57,7.566,1.0,0.0055248618784530384,-1.347,-7.027,8.363000000000001,2.9330000000000007,144.0912,17.0,0.0,0.0,0.041666666666666664,6.366632781654495,17.0,141.23298,17.0,117.94501999999999,0.0,17.0,126.0473080182301,32.63877843707358,18.0
1039,1,Atypical,click,Aal,-46.1092479093806,-19299.0,2917,2180,0,1.8388626909542298,4.24,7.477,1.0,0.0019011406844106464,-1.614,-8.125,5.753,3.359,144.142,17.0,0.0,0.0,0.041666666666666664,5.350612693200015,18.0,165.81730000000002,18.0,117.51970000000001,0.0,19.0,143.91418385457848,60.76871534313391,19.0
1039,1,Atypical,click,Fledermaus,37.4764040901216,17018.5,2341,1420,0,0.6720889612578541,4.906,7.652,0.0018656716417910447,0.00028538812785388126,-8.734,-10.266,-5.031000000000001,-2.3259999999999996,165.516,16.0,0.0,0.0,1.0,0.013391970707803893,20.0,246.002,0.0,0.0,71.10400000000001,4.0,33.0876255149752,94.95394459707009,11.0
1039,1,Atypical,click,Pinguin,-24.2577341436188,2544.5,2325,1460,0,0.6396785798773992,3.906,7.797,1.0,0.00510204081632653,-1.1875,-7.18,1.3624999999999998,1.5999999999999996,145.61399999999998,17.0,0.0,0.0,0.041666666666666664,5.679021674422119,18.0,146.9875,17.0,33.1655,0.0,17.0,55.065940584902386,33.47984880766462,18.0
1039,1,Atypical,click,Schmetterling,-24.9660700170042,-2046.5,2054,1510,0,0.09072774524594464,4.43,7.85,0.3333333333333333,0.002136752136752137,-2.312,-7.945,1.411,-0.47500000000000053,158.62099999999998,17.0,4.65,2.465,0.75,5.691326469022061,17.0,179.6365,16.0,10.327499999999999,28.194,4.0,82.81711961061038,45.56419321270815,20.0
1039,1,Atypical,click,Seeloewe,-97.8753484072969,-62843.5,3005,2380,1,2.0171197885467316,4.348,7.875,0.05263157894736842,0.0005339028296849973,-5.105,-9.414,-2.9530000000000003,-0.4339999999999993,149.56099999999998,17.0,3.7669999999999995,3.7669999999999995,1.0,0.17601902325040447,20.0,221.144,0.0,0.0,42.194,21.0,46.43150387400727,85.84442051756527,20.0
1039,1,Atypical,click,Wal,-27.4785629007593,-12077.0,2117,1820,0,0.21834362193148574,4.02,7.723,0.125,0.0005310674455655868,-4.82,-9.46,-3.5730000000000004,-0.5150000000000006,146.208,17.0,3.4582999999999995,3.4582999999999995,1.0,0.30788095004842325,22.0,217.32299999999998,0.0,0.0600000000000005,42.3699,21.0,39.597979746446654,83.76453221196577,20.0
1040,0,Typical,touch,Hai,-39.6821150874292,-21332.0,1650,1500,0,-0.15459348626310587,3.463,7.656,0.5,0.0010214504596527069,-1.455,-8.75,6.6850000000000005,1.0549999999999997,146.10299999999998,17.0,0.0,0.0,0.041666666666666664,3.5044191848582944,19.0,170.33700000000002,18.0,66.883,0.0,19.0,115.92960434836164,32.52035186190416,19.0
1040,1,Typical,touch,Alligator,-58.5273897922499,-23830.5,2440,2300,0,0.6688444941518055,4.45,7.72,1.0,0.0001318217769575534,-1.651,-11.46,3.199,-1.7800000000000011,145.1859,16.0,5.68,2.790000000000001,0.7916666666666666,2.046305650511986,22.0,255.92399999999998,4.0,14.643,48.59700000000001,18.0,75.12180909347863,53.99820243997104,18.0
1040,1,Typical,touch,Chamaeleon,52.5420252145154,12911.5,1411,1341,0,-0.40370953350255373,5.184,7.64,0.14285714285714285,0.00013747594171020073,-3.97,-11.42,-2.133,-3.9699999999999998,151.466,17.0,3.0470000000000015,2.112000000000001,1.0,0.32327882020439247,22.0,270.342,7.0,0.0,82.36999999999999,22.0,37.45162754661942,87.97747993854695,5.0
1040,1,Typical,touch,Falke,-41.152877353484,-13236.5,1270,980,1,-0.5506775781082531,4.1,7.598,1.0,0.005917159763313609,-1.225,-7.05,6.791,5.500000000000001,140.834,17.0,0.0,0.0,0.041666666666666664,6.282913899443543,17.0,142.54299999999998,17.0,169.77300000000002,0.0,17.0,155.26518118772736,52.5185607843192,18.0
1040,1,Typical,touch,Goldfisch,117.160683393753,67146.0,1040,820,0,-0.7904126863303159,2.568,7.555,1.0,0.001451378809869376,-0.4539,-8.414,6.0731,3.2859999999999996,137.4658,17.0,0.3800000000000008,0.0,0.08333333333333333,5.254619675872444,18.0,162.2903,18.0,83.28269999999999,0.3800000000000008,19.0,130.99429335067194,65.66149375924455,19.0
1040,1,Typical,touch,Hund,-35.2754720955973,-11263.5,1140,980,0,-0.6861800305815929,4.71,7.824,0.07142857142857142,0.0003957261574990107,-4.895,-9.766,1.2930000000000001,-0.8559999999999999,145.851,16.0,0.9599999999999991,0.9599999999999991,0.75,0.2733185827431956,19.0,224.609,0.0,16.677,5.531000000000001,16.0,60.38654795132443,41.35746029182099,16.0
1040,1,Typical,touch,Kaninchen,-62.5206056654231,-30234.0,1520,1180,1,-0.29009593873644574,5.434,7.836,0.07142857142857142,0.0005599104143337066,-4.344,-9.39,0.8319999999999999,2.51,142.117,16.0,0.0,0.0,0.041666666666666664,0.22004211053077194,22.0,223.166,0.0,67.84799999999998,0.0,0.0,66.49600405715856,42.205436002072055,1.0
1040,1,Typical,touch,Katze,26.3312880929613,5268.0,1500,1220,0,-0.3109424698861903,5.355,7.812,0.1111111111111111,0.0004655493482309125,-4.63,-9.59,-0.06400000000000006,2.75,149.12400000000002,17.0,0.0,0.0,1.0,0.27924582434778517,22.0,223.119,0.0,61.901999999999994,0.06400000000000006,15.0,64.76828807422034,43.08931947855524,1.0
1040,1,Typical,touch,Klapperschlange,656.251168192916,234457.0,4777,4477,2,3.1047616589994607,4.68,7.582,0.14285714285714285,9.127418765972983e-05,-4.254,-12.266,1.883,-0.5960000000000001,159.38500000000002,17.0,6.5600000000000005,1.8800000000000008,0.7916666666666666,0.3341395210556347,22.0,272.101,17.0,8.696000000000002,39.196,19.0,57.67892111225579,46.71186066420429,19.0
1040,1,Typical,touch,Lachs,74.5918694616943,33860.5,1200,1020,1,-0.6236404371323592,3.541,7.77,1.0,0.0009478672985781991,-1.035,-8.805,10.285,1.1550000000000011,144.0922,18.0,0.0,0.0,0.041666666666666664,6.089705803380613,17.0,161.35778,17.0,101.29222,0.0,18.0,183.51630680482114,40.1096654152545,18.0
1040,1,Typical,touch,Loewe,-34.3529474383213,-7590.0,2060,1740,0,0.2727604023066582,5.51,7.688,0.05,0.0002795638803466592,-5.027,-10.305,0.21499999999999986,-1.2889999999999997,152.458,17.0,2.63,2.63,0.9166666666666666,0.19016061941084472,20.0,230.844,0.0,0.8309999999999995,34.827,20.0,64.0926005884869,40.3879506035535,20.0
1040,1,Typical,touch,Pferd,-40.1346032005223,-18518.5,1424,1124,0,-0.3901592882552197,4.496,7.67,0.022727272727272728,0.0003792188092529389,-6.055,-9.88,-0.12099999999999955,-2.243000000000001,147.17399999999998,17.0,3.4650000000000007,2.479000000000001,1.0,0.11968439300255372,20.0,227.091,0.0,0.3200000000000003,35.980000000000004,4.0,48.46719800578261,39.341101111093735,20.0
1040,1,Typical,touch,Spatz,61.1587628187423,15792.5,1480,1140,0,-0.3317890010359349,4.57,7.566,1.0,0.0055248618784530384,-1.347,-7.027,8.363000000000001,2.9330000000000007,144.0912,17.0,0.0,0.0,0.041666666666666664,6.366632781654495,17.0,141.23298,17.0,117.94501999999999,0.0,17.0,126.0473080182301,32.63877843707358,18.0
1040,1,Atypical,touch,Aal,98.6716186246582,57924.5,1400,1180,0,-0.41517512563491327,4.24,7.477,1.0,0.0019011406844106464,-1.614,-8.125,5.753,3.359,144.142,17.0,0.0,0.0,0.041666666666666664,5.350612693200015,18.0,165.81730000000002,18.0,117.51970000000001,0.0,19.0,143.91418385457848,60.76871534313391,19.0
1040,1,Atypical,touch,Fledermaus,-43.9906642071938,-6353.5,1880,1620,0,0.0851416219589569,4.906,7.652,0.0018656716417910447,0.00028538812785388126,-8.734,-10.266,-5.031000000000001,-2.3259999999999996,165.516,16.0,0.0,0.0,1.0,0.013391970707803893,20.0,246.002,0.0,0.0,71.10400000000001,4.0,33.0876255149752,94.95394459707009,11.0
1040,1,Atypical,touch,Pinguin,423.734539309227,-45362.0,3839,2869,5,2.1270593480764397,3.906,7.797,1.0,0.00510204081632653,-1.1875,-7.18,1.3624999999999998,1.5999999999999996,145.61399999999998,17.0,0.0,0.0,0.041666666666666664,5.679021674422119,18.0,146.9875,17.0,33.1655,0.0,17.0,55.065940584902386,33.47984880766462,18.0
1040,1,Atypical,touch,Schmetterling,50.4664005275955,20079.5,1275,1205,0,-0.5454659453208169,4.43,7.85,0.3333333333333333,0.002136752136752137,-2.312,-7.945,1.411,-0.47500000000000053,158.62099999999998,17.0,4.65,2.465,0.75,5.691326469022061,17.0,179.6365,16.0,10.327499999999999,28.194,4.0,82.81711961061038,45.56419321270815,20.0
1040,1,Atypical,touch,Seeloewe,-58.0359685406684,-37042.5,1672,1462,0,-0.13166230199838683,4.348,7.875,0.05263157894736842,0.0005339028296849973,-5.105,-9.414,-2.9530000000000003,-0.4339999999999993,149.56099999999998,17.0,3.7669999999999995,3.7669999999999995,1.0,0.17601902325040447,20.0,221.144,0.0,0.0,42.194,21.0,46.43150387400727,85.84442051756527,20.0
1040,1,Atypical,touch,Wal,53.8234437087085,30709.5,1190,1070,0,-0.6340637027072314,4.02,7.723,0.125,0.0005310674455655868,-4.82,-9.46,-3.5730000000000004,-0.5150000000000006,146.208,17.0,3.4582999999999995,3.4582999999999995,1.0,0.30788095004842325,22.0,217.32299999999998,0.0,0.0600000000000005,42.3699,21.0,39.597979746446654,83.76453221196577,20.0
1041,0,Typical,click,Klapperschlange,907.586414703902,415497.0,5293,2860,1,3.325741807932672,4.68,7.582,0.14285714285714285,9.127418765972983e-05,-4.254,-12.266,1.883,-0.5960000000000001,159.38500000000002,17.0,6.5600000000000005,1.8800000000000008,0.7916666666666666,0.3341395210556347,22.0,272.101,17.0,8.696000000000002,39.196,19.0,57.67892111225579,46.71186066420429,19.0
1041,0,Atypical,click,Fledermaus,555.642180286912,269366.5,2735,1110,2,0.5179230341709036,4.906,7.652,0.0018656716417910447,0.00028538812785388126,-8.734,-10.266,-5.031000000000001,-2.3259999999999996,165.516,16.0,0.0,0.0,1.0,0.013391970707803893,20.0,246.002,0.0,0.0,71.10400000000001,4.0,33.0876255149752,94.95394459707009,11.0
1041,1,Typical,click,Alligator,-99.408943813385,-54585.5,1637,700,0,-0.6873095747385655,4.45,7.72,1.0,0.0001318217769575534,-1.651,-11.46,3.199,-1.7800000000000011,145.1859,16.0,5.68,2.790000000000001,0.7916666666666666,2.046305650511986,22.0,255.92399999999998,4.0,14.643,48.59700000000001,18.0,75.12180909347863,53.99820243997104,18.0
1041,1,Typical,click,Chamaeleon,-72.383075668291,-25138.0,2343,1830,0,0.08763962552562865,5.184,7.64,0.14285714285714285,0.00013747594171020073,-3.97,-11.42,-2.133,-3.9699999999999998,151.466,17.0,3.0470000000000015,2.112000000000001,1.0,0.32327882020439247,22.0,270.342,7.0,0.0,82.36999999999999,22.0,37.45162754661942,87.97747993854695,5.0
1041,1,Typical,click,Falke,-43.7319302312525,-9123.0,1573,580,0,-0.7575599271704471,4.1,7.598,1.0,0.005917159763313609,-1.225,-7.05,6.791,5.500000000000001,140.834,17.0,0.0,0.0,0.041666666666666664,6.282913899443543,17.0,142.54299999999998,17.0,169.77300000000002,0.0,17.0,155.26518118772736,52.5185607843192,18.0
1041,1,Typical,click,Goldfisch,101.474521528659,-23832.0,1845,740,2,-0.4589959293349502,2.568,7.555,1.0,0.001451378809869376,-0.4539,-8.414,6.0731,3.2859999999999996,137.4658,17.0,0.3800000000000008,0.0,0.08333333333333333,5.254619675872444,18.0,162.2903,18.0,83.28269999999999,0.3800000000000008,19.0,130.99429335067194,65.66149375924455,19.0
1041,1,Typical,click,Hai,83.4848817793536,25073.5,2221,1540,0,-0.04627510879764568,3.463,7.656,0.5,0.0010214504596527069,-1.455,-8.75,6.6850000000000005,1.0549999999999997,146.10299999999998,17.0,0.0,0.0,0.041666666666666664,3.5044191848582944,19.0,170.33700000000002,18.0,66.883,0.0,19.0,115.92960434836164,32.52035186190416,19.0
1041,1,Typical,click,Hund,42.4322928249151,12494.5,1317,701,0,-1.0385613368979736,4.71,7.824,0.07142857142857142,0.0003957261574990107,-4.895,-9.766,1.2930000000000001,-0.8559999999999999,145.851,16.0,0.9599999999999991,0.9599999999999991,0.75,0.2733185827431956,19.0,224.609,0.0,16.677,5.531000000000001,16.0,60.38654795132443,41.35746029182099,16.0
1041,1,Typical,click,Kaninchen,765.694984170692,412442.5,2021,980,1,-0.26580746014727574,5.434,7.836,0.07142857142857142,0.0005599104143337066,-4.344,-9.39,0.8319999999999999,2.51,142.117,16.0,0.0,0.0,0.041666666666666664,0.22004211053077194,22.0,223.166,0.0,67.84799999999998,0.0,0.0,66.49600405715856,42.205436002072055,1.0
1041,1,Typical,click,Katze,-99.763015392075,-38052.5,1589,980,1,-0.7399973390624767,5.355,7.812,0.1111111111111111,0.0004655493482309125,-4.63,-9.59,-0.06400000000000006,2.75,149.12400000000002,17.0,0.0,0.0,1.0,0.27924582434778517,22.0,223.119,0.0,61.901999999999994,0.06400000000000006,15.0,64.76828807422034,43.08931947855524,1.0
1041,1,Typical,click,Lachs,-156.848849355518,-69728.5,1814,981,1,-0.49302344379414287,3.541,7.77,1.0,0.0009478672985781991,-1.035,-8.805,10.285,1.1550000000000011,144.0922,18.0,0.0,0.0,0.041666666666666664,6.089705803380613,17.0,161.35778,17.0,101.29222,0.0,18.0,183.51630680482114,40.1096654152545,18.0
1041,1,Typical,click,Loewe,714.379442121473,346984.0,2301,1140,1,0.04153783174220634,5.51,7.688,0.05,0.0002795638803466592,-5.027,-10.305,0.21499999999999986,-1.2889999999999997,152.458,17.0,2.63,2.63,0.9166666666666666,0.19016061941084472,20.0,230.844,0.0,0.8309999999999995,34.827,20.0,64.0926005884869,40.3879506035535,20.0
1041,1,Typical,click,Pferd,-90.1674382209226,-54316.0,1318,701,0,-1.0374636751412254,4.496,7.67,0.022727272727272728,0.0003792188092529389,-6.055,-9.88,-0.12099999999999955,-2.243000000000001,147.17399999999998,17.0,3.4650000000000007,2.479000000000001,1.0,0.11968439300255372,20.0,227.091,0.0,0.3200000000000003,35.980000000000004,4.0,48.46719800578261,39.341101111093735,20.0
1041,1,Typical,click,Spatz,-38.5045709745346,-5617.5,2293,1340,0,0.03275653768822114,4.57,7.566,1.0,0.0055248618784530384,-1.347,-7.027,8.363000000000001,2.9330000000000007,144.0912,17.0,0.0,0.0,0.041666666666666664,6.366632781654495,17.0,141.23298,17.0,117.94501999999999,0.0,17.0,126.0473080182301,32.63877843707358,18.0
1041,1,Atypical,click,Aal,-82.402412817515,-25182.5,1663,900,0,-0.6587703690631135,4.24,7.477,1.0,0.0019011406844106464,-1.614,-8.125,5.753,3.359,144.142,17.0,0.0,0.0,0.041666666666666664,5.350612693200015,18.0,165.81730000000002,18.0,117.51970000000001,0.0,19.0,143.91418385457848,60.76871534313391,19.0
1041,1,Atypical,click,Pinguin,-175.98586803875,-59669.0,3325,700,2,1.1655434706523122,3.906,7.797,1.0,0.00510204081632653,-1.1875,-7.18,1.3624999999999998,1.5999999999999996,145.61399999999998,17.0,0.0,0.0,0.041666666666666664,5.679021674422119,18.0,146.9875,17.0,33.1655,0.0,17.0,55.065940584902386,33.47984880766462,18.0
1041,1,Atypical,click,Schmetterling,-15.8150998520522,-6982.0,2461,1300,0,0.21716371282191038,4.43,7.85,0.3333333333333333,0.002136752136752137,-2.312,-7.945,1.411,-0.47500000000000053,158.62099999999998,17.0,4.65,2.465,0.75,5.691326469022061,17.0,179.6365,16.0,10.327499999999999,28.194,4.0,82.81711961061038,45.56419321270815,20.0
1041,1,Atypical,click,Seeloewe,44.5973174174586,10538.0,2317,1533,3,0.05910041985017675,4.348,7.875,0.05263157894736842,0.0005339028296849973,-5.105,-9.414,-2.9530000000000003,-0.4339999999999993,149.56099999999998,17.0,3.7669999999999995,3.7669999999999995,1.0,0.17601902325040447,20.0,221.144,0.0,0.0,42.194,21.0,46.43150387400727,85.84442051756527,20.0
1041,1,Atypical,click,Wal,586.365131276017,123860.5,2934,551,2,0.7363577237637855,4.02,7.723,0.125,0.0005310674455655868,-4.82,-9.46,-3.5730000000000004,-0.5150000000000006,146.208,17.0,3.4582999999999995,3.4582999999999995,1.0,0.30788095004842325,22.0,217.32299999999998,0.0,0.0600000000000005,42.3699,21.0,39.597979746446654,83.76453221196577,20.0
1042,0,Typical,touch,Klapperschlange,-67.5026753777319,-37103.0,4320,3910,0,3.8604407168201638,4.68,7.582,0.14285714285714285,9.127418765972983e-05,-4.254,-12.266,1.883,-0.5960000000000001,159.38500000000002,17.0,6.5600000000000005,1.8800000000000008,0.7916666666666666,0.3341395210556347,22.0,272.101,17.0,8.696000000000002,39.196,19.0,57.67892111225579,46.71186066420429,19.0
1042,1,Typical,touch,Alligator,-43.9016399351875,-19904.5,931,741,0,-0.4619720915536065,4.45,7.72,1.0,0.0001318217769575534,-1.651,-11.46,3.199,-1.7800000000000011,145.1859,16.0,5.68,2.790000000000001,0.7916666666666666,2.046305650511986,22.0,255.92399999999998,4.0,14.643,48.59700000000001,18.0,75.12180909347863,53.99820243997104,18.0
1042,1,Typical,touch,Chamaeleon,27.0466507123537,17494.0,1358,1108,0,0.08263406636188474,5.184,7.64,0.14285714285714285,0.00013747594171020073,-3.97,-11.42,-2.133,-3.9699999999999998,151.466,17.0,3.0470000000000015,2.112000000000001,1.0,0.32327882020439247,22.0,270.342,7.0,0.0,82.36999999999999,22.0,37.45162754661942,87.97747993854695,5.0
1042,1,Typical,touch,Falke,17.9824095885552,10381.0,791,741,0,-0.6405314875914725,4.1,7.598,1.0,0.005917159763313609,-1.225,-7.05,6.791,5.500000000000001,140.834,17.0,0.0,0.0,0.041666666666666664,6.282913899443543,17.0,142.54299999999998,17.0,169.77300000000002,0.0,17.0,155.26518118772736,52.5185607843192,18.0
1042,1,Typical,touch,Goldfisch,-39.4754258693433,-24780.0,780,700,0,-0.6545611544230191,2.568,7.555,1.0,0.001451378809869376,-0.4539,-8.414,6.0731,3.2859999999999996,137.4658,17.0,0.3800000000000008,0.0,0.08333333333333333,5.254619675872444,18.0,162.2903,18.0,83.28269999999999,0.3800000000000008,19.0,130.99429335067194,65.66149375924455,19.0
1042,1,Typical,touch,Hai,16.218313376985,8572.5,1365,1165,0,0.09156203616377803,3.463,7.656,0.5,0.0010214504596527069,-1.455,-8.75,6.6850000000000005,1.0549999999999997,146.10299999999998,17.0,0.0,0.0,0.041666666666666664,3.5044191848582944,19.0,170.33700000000002,18.0,66.883,0.0,19.0,115.92960434836164,32.52035186190416,19.0
1042,1,Typical,touch,Hund,-29.3374373964098,-15637.5,880,660,0,-0.5270187286816863,4.71,7.824,0.07142857142857142,0.0003957261574990107,-4.895,-9.766,1.2930000000000001,-0.8559999999999999,145.851,16.0,0.9599999999999991,0.9599999999999991,0.75,0.2733185827431956,19.0,224.609,0.0,16.677,5.531000000000001,16.0,60.38654795132443,41.35746029182099,16.0
1042,1,Typical,touch,Kaninchen,38.1844326050434,25155.5,751,661,0,-0.6915484578880057,5.434,7.836,0.07142857142857142,0.0005599104143337066,-4.344,-9.39,0.8319999999999999,2.51,142.117,16.0,0.0,0.0,0.041666666666666664,0.22004211053077194,22.0,223.166,0.0,67.84799999999998,0.0,0.0,66.49600405715856,42.205436002072055,1.0
1042,1,Typical,touch,Katze,-84.6456215584595,-41515.0,921,621,0,-0.4747263341277398,5.355,7.812,0.1111111111111111,0.0004655493482309125,-4.63,-9.59,-0.06400000000000006,2.75,149.12400000000002,17.0,0.0,0.0,1.0,0.27924582434778517,22.0,223.119,0.0,61.901999999999994,0.06400000000000006,15.0,64.76828807422034,43.08931947855524,1.0
1042,1,Typical,touch,Lachs,-76.286519808026,-21845.0,1491,1101,1,0.2522654925978574,3.541,7.77,1.0,0.0009478672985781991,-1.035,-8.805,10.285,1.1550000000000011,144.0922,18.0,0.0,0.0,0.041666666666666664,6.089705803380613,17.0,161.35778,17.0,101.29222,0.0,18.0,183.51630680482114,40.1096654152545,18.0
1042,1,Typical,touch,Loewe,-34.7774475152693,-19003.5,992,860,0,-0.38417121185139347,5.51,7.688,0.05,0.0002795638803466592,-5.027,-10.305,0.21499999999999986,-1.2889999999999997,152.458,17.0,2.63,2.63,0.9166666666666666,0.19016061941084472,20.0,230.844,0.0,0.8309999999999995,34.827,20.0,64.0926005884869,40.3879506035535,20.0
1042,1,Typical,touch,Pferd,-14.7177422608937,-3601.0,830,660,0,-0.5907899415523526,4.496,7.67,0.022727272727272728,0.0003792188092529389,-6.055,-9.88,-0.12099999999999955,-2.243000000000001,147.17399999999998,17.0,3.4650000000000007,2.479000000000001,1.0,0.11968439300255372,20.0,227.091,0.0,0.3200000000000003,35.980000000000004,4.0,48.46719800578261,39.341101111093735,20.0
1042,1,Typical,touch,Spatz,-36.7077259744691,-15599.0,1060,780,0,-0.29744236234728716,4.57,7.566,1.0,0.0055248618784530384,-1.347,-7.027,8.363000000000001,2.9330000000000007,144.0912,17.0,0.0,0.0,0.041666666666666664,6.366632781654495,17.0,141.23298,17.0,117.94501999999999,0.0,17.0,126.0473080182301,32.63877843707358,18.0
1042,1,Atypical,touch,Aal,-18.3690521011646,591.5,1640,1470,0,0.44230370695244337,4.24,7.477,1.0,0.0019011406844106464,-1.614,-8.125,5.753,3.359,144.142,17.0,0.0,0.0,0.041666666666666664,5.350612693200015,18.0,165.81730000000002,18.0,117.51970000000001,0.0,19.0,143.91418385457848,60.76871534313391,19.0
1042,1,Atypical,touch,Fledermaus,6.11430443959743,2226.5,1217,1157,0,-0.09720075393339458,4.906,7.652,0.0018656716417910447,0.00028538812785388126,-8.734,-10.266,-5.031000000000001,-2.3259999999999996,165.516,16.0,0.0,0.0,1.0,0.013391970707803893,20.0,246.002,0.0,0.0,71.10400000000001,4.0,33.0876255149752,94.95394459707009,11.0
1042,1,Atypical,touch,Pinguin,-32.3693820734848,-8894.5,1590,1460,0,0.3785324940817769,3.906,7.797,1.0,0.00510204081632653,-1.1875,-7.18,1.3624999999999998,1.5999999999999996,145.61399999999998,17.0,0.0,0.0,0.041666666666666664,5.679021674422119,18.0,146.9875,17.0,33.1655,0.0,17.0,55.065940584902386,33.47984880766462,18.0
1042,1,Atypical,touch,Schmetterling,-36.9760745867149,-22196.5,1142,812,0,-0.1928575732393942,4.43,7.85,0.3333333333333333,0.002136752136752137,-2.312,-7.945,1.411,-0.47500000000000053,158.62099999999998,17.0,4.65,2.465,0.75,5.691326469022061,17.0,179.6365,16.0,10.327499999999999,28.194,4.0,82.81711961061038,45.56419321270815,20.0
1042,1,Atypical,touch,Seeloewe,-33.9259224364782,-14927.5,1310,1140,0,0.021413702006044966,4.348,7.875,0.05263157894736842,0.0005339028296849973,-5.105,-9.414,-2.9530000000000003,-0.4339999999999993,149.56099999999998,17.0,3.7669999999999995,3.7669999999999995,1.0,0.17601902325040447,20.0,221.144,0.0,0.0,42.194,21.0,46.43150387400727,85.84442051756527,20.0
1042,1,Atypical,touch,Wal,737.7920606143,220237.0,1202,1172,1,-0.1163321177945945,4.02,7.723,0.125,0.0005310674455655868,-4.82,-9.46,-3.5730000000000004,-0.5150000000000006,146.208,17.0,3.4582999999999995,3.4582999999999995,1.0,0.30788095004842325,22.0,217.32299999999998,0.0,0.0600000000000005,42.3699,21.0,39.597979746446654,83.76453221196577,20.0
1043,1,Typical,touch,Alligator,-106.295183824113,-67764.0,1870,1420,0,0.11882426470651465,4.45,7.72,1.0,0.0001318217769575534,-1.651,-11.46,3.199,-1.7800000000000011,145.1859,16.0,5.68,2.790000000000001,0.7916666666666666,2.046305650511986,22.0,255.92399999999998,4.0,14.643,48.59700000000001,18.0,75.12180909347863,53.99820243997104,18.0
1043,1,Typical,touch,Chamaeleon,-32.1325180375412,-14495.5,990,860,0,-0.4332017719405887,5.184,7.64,0.14285714285714285,0.00013747594171020073,-3.97,-11.42,-2.133,-3.9699999999999998,151.466,17.0,3.0470000000000015,2.112000000000001,1.0,0.32327882020439247,22.0,270.342,7.0,0.0,82.36999999999999,22.0,37.45162754661942,87.97747993854695,5.0
1043,1,Typical,touch,Falke,-23.3690338622744,-6058.0,810,700,0,-0.5461161885274961,4.1,7.598,1.0,0.005917159763313609,-1.225,-7.05,6.791,5.500000000000001,140.834,17.0,0.0,0.0,0.041666666666666664,6.282913899443543,17.0,142.54299999999998,17.0,169.77300000000002,0.0,17.0,155.26518118772736,52.5185607843192,18.0
1043,1,Typical,touch,Goldfisch,-64.5763069936592,-41332.0,1140,780,0,-0.33910642478483244,2.568,7.555,1.0,0.001451378809869376,-0.4539,-8.414,6.0731,3.2859999999999996,137.4658,17.0,0.3800000000000008,0.0,0.08333333333333333,5.254619675872444,18.0,162.2903,18.0,83.28269999999999,0.3800000000000008,19.0,130.99429335067194,65.66149375924455,19.0
1043,1,Typical,touch,Hai,55.4373799018839,30754.0,2410,2300,0,0.45756751446723715,3.463,7.656,0.5,0.0010214504596527069,-1.455,-8.75,6.6850000000000005,1.0549999999999997,146.10299999999998,17.0,0.0,0.0,0.041666666666666664,3.5044191848582944,19.0,170.33700000000002,18.0,66.883,0.0,19.0,115.92960434836164,32.52035186190416,19.0
1043,1,Typical,touch,Hund,-30.5724669164421,-3749.5,1050,900,0,-0.3955636330782862,4.71,7.824,0.07142857142857142,0.0003957261574990107,-4.895,-9.766,1.2930000000000001,-0.8559999999999999,145.851,16.0,0.9599999999999991,0.9599999999999991,0.75,0.2733185827431956,19.0,224.609,0.0,16.677,5.531000000000001,16.0,60.38654795132443,41.35746029182099,16.0
1043,1,Typical,touch,Kaninchen,-19.34741520583,-9748.0,740,620,0,-0.5900273505335157,5.434,7.836,0.07142857142857142,0.0005599104143337066,-4.344,-9.39,0.8319999999999999,2.51,142.117,16.0,0.0,0.0,0.041666666666666664,0.22004211053077194,22.0,223.166,0.0,67.84799999999998,0.0,0.0,66.49600405715856,42.205436002072055,1.0
1043,1,Typical,touch,Katze,-43.6949870579373,-26971.0,1310,1140,0,-0.232465031341642,5.355,7.812,0.1111111111111111,0.0004655493482309125,-4.63,-9.59,-0.06400000000000006,2.75,149.12400000000002,17.0,0.0,0.0,1.0,0.27924582434778517,22.0,223.119,0.0,61.901999999999994,0.06400000000000006,15.0,64.76828807422034,43.08931947855524,1.0
1043,1,Typical,touch,Klapperschlange,405.621672188224,105038.5,8000,7630,4,3.9641874518050866,4.68,7.582,0.14285714285714285,9.127418765972983e-05,-4.254,-12.266,1.883,-0.5960000000000001,159.38500000000002,17.0,6.5600000000000005,1.8800000000000008,0.7916666666666666,0.3341395210556347,22.0,272.101,17.0,8.696000000000002,39.196,19.0,57.67892111225579,46.71186066420429,19.0
1043,1,Typical,touch,Lachs,-49.6841879869644,-19026.0,1460,1180,0,-0.13836968418588574,3.541,7.77,1.0,0.0009478672985781991,-1.035,-8.805,10.285,1.1550000000000011,144.0922,18.0,0.0,0.0,0.041666666666666664,6.089705803380613,17.0,161.35778,17.0,101.29222,0.0,18.0,183.51630680482114,40.1096654152545,18.0
1043,1,Typical,touch,Loewe,40.5389468092097,-15717.0,1150,710,0,-0.33283340164111536,5.51,7.688,0.05,0.0002795638803466592,-5.027,-10.305,0.21499999999999986,-1.2889999999999997,152.458,17.0,2.63,2.63,0.9166666666666666,0.19016061941084472,20.0,230.844,0.0,0.8309999999999995,34.827,20.0,64.0926005884869,40.3879506035535,20.0
1043,1,Typical,touch,Pferd,-59.3705818993947,-40674.5,950,740,0,-0.458293864515457,4.496,7.67,0.022727272727272728,0.0003792188092529389,-6.055,-9.88,-0.12099999999999955,-2.243000000000001,147.17399999999998,17.0,3.4650000000000007,2.479000000000001,1.0,0.11968439300255372,20.0,227.091,0.0,0.3200000000000003,35.980000000000004,4.0,48.46719800578261,39.341101111093735,20.0
1043,1,Typical,touch,Spatz,-56.1519794065864,-29448.5,1040,860,0,-0.40183665622200326,4.57,7.566,1.0,0.0055248618784530384,-1.347,-7.027,8.363000000000001,2.9330000000000007,144.0912,17.0,0.0,0.0,0.041666666666666664,6.366632781654495,17.0,141.23298,17.0,117.94501999999999,0.0,17.0,126.0473080182301,32.63877843707358,18.0
1043,1,Atypical,touch,Aal,36.6487706743547,17446.5,1010,900,0,-0.4206557256531545,4.24,7.477,1.0,0.0019011406844106464,-1.614,-8.125,5.753,3.359,144.142,17.0,0.0,0.0,0.041666666666666664,5.350612693200015,18.0,165.81730000000002,18.0,117.51970000000001,0.0,19.0,143.91418385457848,60.76871534313391,19.0
1043,1,Atypical,touch,Fledermaus,-36.00049896833,-7680.5,1590,1460,0,-0.05682038331756368,4.906,7.652,0.0018656716417910447,0.00028538812785388126,-8.734,-10.266,-5.031000000000001,-2.3259999999999996,165.516,16.0,0.0,0.0,1.0,0.013391970707803893,20.0,246.002,0.0,0.0,71.10400000000001,4.0,33.0876255149752,94.95394459707009,11.0
1043,1,Atypical,touch,Pinguin,216.495775576124,101320.5,1761,1671,2,0.05044831243999844,3.906,7.797,1.0,0.00510204081632653,-1.1875,-7.18,1.3624999999999998,1.5999999999999996,145.61399999999998,17.0,0.0,0.0,0.041666666666666664,5.679021674422119,18.0,146.9875,17.0,33.1655,0.0,17.0,55.065940584902386,33.47984880766462,18.0
1043,1,Atypical,touch,Schmetterling,145.759576705475,52686.0,1099,989,1,-0.36482581967407246,4.43,7.85,0.3333333333333333,0.002136752136752137,-2.312,-7.945,1.411,-0.47500000000000053,158.62099999999998,17.0,4.65,2.465,0.75,5.691326469022061,17.0,179.6365,16.0,10.327499999999999,28.194,4.0,82.81711961061038,45.56419321270815,20.0
1043,1,Atypical,touch,Seeloewe,-12.647600449993,702.0,1461,1101,0,-0.13774238187151405,4.348,7.875,0.05263157894736842,0.0005339028296849973,-5.105,-9.414,-2.9530000000000003,-0.4339999999999993,149.56099999999998,17.0,3.7669999999999995,3.7669999999999995,1.0,0.17601902325040447,20.0,221.144,0.0,0.0,42.194,21.0,46.43150387400727,85.84442051756527,20.0
1043,1,Atypical,touch,Wal,1003.2139254928,479420.0,2090,940,1,0.25683077386829045,4.02,7.723,0.125,0.0005310674455655868,-4.82,-9.46,-3.5730000000000004,-0.5150000000000006,146.208,17.0,3.4582999999999995,3.4582999999999995,1.0,0.30788095004842325,22.0,217.32299999999998,0.0,0.0600000000000005,42.3699,21.0,39.597979746446654,83.76453221196577,20.0
1044,0,Typical,click,Klapperschlange,-62.5842552062884,7242.0,2205,1636,1,2.073374606923224,4.68,7.582,0.14285714285714285,9.127418765972983e-05,-4.254,-12.266,1.883,-0.5960000000000001,159.38500000000002,17.0,6.5600000000000005,1.8800000000000008,0.7916666666666666,0.3341395210556347,22.0,272.101,17.0,8.696000000000002,39.196,19.0,57.67892111225579,46.71186066420429,19.0
1044,0,Atypical,click,Aal,-71.219270710713,-34593.5,1094,662,0,-0.7223369598313164,4.24,7.477,1.0,0.0019011406844106464,-1.614,-8.125,5.753,3.359,144.142,17.0,0.0,0.0,0.041666666666666664,5.350612693200015,18.0,165.81730000000002,18.0,117.51970000000001,0.0,19.0,143.91418385457848,60.76871534313391,19.0
1044,1,Typical,click,Alligator,16.9083121029082,4828.5,1461,1020,0,0.20117892225591696,4.45,7.72,1.0,0.0001318217769575534,-1.651,-11.46,3.199,-1.7800000000000011,145.1859,16.0,5.68,2.790000000000001,0.7916666666666666,2.046305650511986,22.0,255.92399999999998,4.0,14.643,48.59700000000001,18.0,75.12180909347863,53.99820243997104,18.0
1044,1,Typical,click,Chamaeleon,783.362102986862,424398.5,1501,1060,1,0.30183460422727754,5.184,7.64,0.14285714285714285,0.00013747594171020073,-3.97,-11.42,-2.133,-3.9699999999999998,151.466,17.0,3.0470000000000015,2.112000000000001,1.0,0.32327882020439247,22.0,270.342,7.0,0.0,82.36999999999999,22.0,37.45162754661942,87.97747993854695,5.0
1044,1,Typical,click,Falke,89.9312135306229,34590.0,941,620,2,-1.1073449433717706,4.1,7.598,1.0,0.005917159763313609,-1.225,-7.05,6.791,5.500000000000001,140.834,17.0,0.0,0.0,0.041666666666666664,6.282913899443543,17.0,142.54299999999998,17.0,169.77300000000002,0.0,17.0,155.26518118772736,52.5185607843192,18.0
1044,1,Typical,click,Goldfisch,53.5080352552574,13352.0,1357,900,1,-0.06052585086962056,2.568,7.555,1.0,0.001451378809869376,-0.4539,-8.414,6.0731,3.2859999999999996,137.4658,17.0,0.3800000000000008,0.0,0.08333333333333333,5.254619675872444,18.0,162.2903,18.0,83.28269999999999,0.3800000000000008,19.0,130.99429335067194,65.66149375924455,19.0
1044,1,Typical,click,Hai,93.6921712901507,31034.5,1966,725,2,1.4719569071443444,3.463,7.656,0.5,0.0010214504596527069,-1.455,-8.75,6.6850000000000005,1.0549999999999997,146.10299999999998,17.0,0.0,0.0,0.041666666666666664,3.5044191848582944,19.0,170.33700000000002,18.0,66.883,0.0,19.0,115.92960434836164,32.52035186190416,19.0
1044,1,Typical,click,Hund,-136.345458885054,-51727.0,1373,860,0,-0.020263578081076327,4.71,7.824,0.07142857142857142,0.0003957261574990107,-4.895,-9.766,1.2930000000000001,-0.8559999999999999,145.851,16.0,0.9599999999999991,0.9599999999999991,0.75,0.2733185827431956,19.0,224.609,0.0,16.677,5.531000000000001,16.0,60.38654795132443,41.35746029182099,16.0
1044,1,Typical,click,Kaninchen,-132.197333231591,-89872.0,1294,990,1,-0.2190585499745135,5.434,7.836,0.07142857142857142,0.0005599104143337066,-4.344,-9.39,0.8319999999999999,2.51,142.117,16.0,0.0,0.0,0.041666666666666664,0.22004211053077194,22.0,223.166,0.0,67.84799999999998,0.0,0.0,66.49600405715856,42.205436002072055,1.0
1044,1,Typical,click,Katze,-101.120828439725,-69362.0,1013,660,1,-0.9261647158233216,5.355,7.812,0.1111111111111111,0.0004655493482309125,-4.63,-9.59,-0.06400000000000006,2.75,149.12400000000002,17.0,0.0,0.0,1.0,0.27924582434778517,22.0,223.119,0.0,61.901999999999994,0.06400000000000006,15.0,64.76828807422034,43.08931947855524,1.0
1044,1,Typical,click,Lachs,166.345765925607,113928.0,990,701,1,-0.9840417329568539,3.541,7.77,1.0,0.0009478672985781991,-1.035,-8.805,10.285,1.1550000000000011,144.0922,18.0,0.0,0.0,0.041666666666666664,6.089705803380613,17.0,161.35778,17.0,101.29222,0.0,18.0,183.51630680482114,40.1096654152545,18.0
1044,1,Typical,click,Loewe,180.678344917427,135785.5,917,660,1,-1.167738352554587,5.51,7.688,0.05,0.0002795638803466592,-5.027,-10.305,0.21499999999999986,-1.2889999999999997,152.458,17.0,2.63,2.63,0.9166666666666666,0.19016061941084472,20.0,230.844,0.0,0.8309999999999995,34.827,20.0,64.0926005884869,40.3879506035535,20.0
1044,1,Typical,click,Pferd,46.6139311684244,36413.0,1029,660,0,-0.8859024430347774,4.496,7.67,0.022727272727272728,0.0003792188092529389,-6.055,-9.88,-0.12099999999999955,-2.243000000000001,147.17399999999998,17.0,3.4650000000000007,2.479000000000001,1.0,0.11968439300255372,20.0,227.091,0.0,0.3200000000000003,35.980000000000004,4.0,48.46719800578261,39.341101111093735,20.0
1044,1,Typical,click,Spatz,303.369549594396,205058.0,1198,805,1,-0.4606321867057789,4.57,7.566,1.0,0.0055248618784530384,-1.347,-7.027,8.363000000000001,2.9330000000000007,144.0912,17.0,0.0,0.0,0.041666666666666664,6.366632781654495,17.0,141.23298,17.0,117.94501999999999,0.0,17.0,126.0473080182301,32.63877843707358,18.0
1044,1,Atypical,click,Fledermaus,787.296865516747,372252.5,1230,990,2,-0.38010764112869044,4.906,7.652,0.0018656716417910447,0.00028538812785388126,-8.734,-10.266,-5.031000000000001,-2.3259999999999996,165.516,16.0,0.0,0.0,1.0,0.013391970707803893,20.0,246.002,0.0,0.0,71.10400000000001,4.0,33.0876255149752,94.95394459707009,11.0
1044,1,Atypical,click,Pinguin,611.942112748025,210639.0,2262,1221,1,2.216808953732413,3.906,7.797,1.0,0.00510204081632653,-1.1875,-7.18,1.3624999999999998,1.5999999999999996,145.61399999999998,17.0,0.0,0.0,0.041666666666666664,5.679021674422119,18.0,146.9875,17.0,33.1655,0.0,17.0,55.065940584902386,33.47984880766462,18.0
1044,1,Atypical,click,Schmetterling,820.809682601533,420643.5,1350,1070,1,-0.07814059521460867,4.43,7.85,0.3333333333333333,0.002136752136752137,-2.312,-7.945,1.411,-0.47500000000000053,158.62099999999998,17.0,4.65,2.465,0.75,5.691326469022061,17.0,179.6365,16.0,10.327499999999999,28.194,4.0,82.81711961061038,45.56419321270815,20.0
1044,1,Atypical,click,Seeloewe,165.215314592041,85274.5,1605,900,1,0.5635393773528151,4.348,7.875,0.05263157894736842,0.0005339028296849973,-5.105,-9.414,-2.9530000000000003,-0.4339999999999993,149.56099999999998,17.0,3.7669999999999995,3.7669999999999995,1.0,0.17601902325040447,20.0,221.144,0.0,0.0,42.194,21.0,46.43150387400727,85.84442051756527,20.0
1044,1,Atypical,click,Wal,894.453853847002,541126.5,1454,470,3,0.18356417791092886,4.02,7.723,0.125,0.0005310674455655868,-4.82,-9.46,-3.5730000000000004,-0.5150000000000006,146.208,17.0,3.4582999999999995,3.4582999999999995,1.0,0.30788095004842325,22.0,217.32299999999998,0.0,0.0600000000000005,42.3699,21.0,39.597979746446654,83.76453221196577,20.0
1045,0,Atypical,click,Fledermaus,55.53714763275,9150.5,2102,1605,0,-0.13728693863615676,4.906,7.652,0.0018656716417910447,0.00028538812785388126,-8.734,-10.266,-5.031000000000001,-2.3259999999999996,165.516,16.0,0.0,0.0,1.0,0.013391970707803893,20.0,246.002,0.0,0.0,71.10400000000001,4.0,33.0876255149752,94.95394459707009,11.0
1045,0,Atypical,click,Seeloewe,150.582347251388,105444.5,3966,3150,4,1.2819057696937115,4.348,7.875,0.05263157894736842,0.0005339028296849973,-5.105,-9.414,-2.9530000000000003,-0.4339999999999993,149.56099999999998,17.0,3.7669999999999995,3.7669999999999995,1.0,0.17601902325040447,20.0,221.144,0.0,0.0,42.194,21.0,46.43150387400727,85.84442051756527,20.0
1045,1,Typical,click,Alligator,88.9156716752931,77377.0,1998,1461,1,-0.21646936442280176,4.45,7.72,1.0,0.0001318217769575534,-1.651,-11.46,3.199,-1.7800000000000011,145.1859,16.0,5.68,2.790000000000001,0.7916666666666666,2.046305650511986,22.0,255.92399999999998,4.0,14.643,48.59700000000001,18.0,75.12180909347863,53.99820243997104,18.0
1045,1,Typical,click,Chamaeleon,52.8458290990625,1347.5,2262,1590,1,-0.01546782204131827,5.184,7.64,0.14285714285714285,0.00013747594171020073,-3.97,-11.42,-2.133,-3.9699999999999998,151.466,17.0,3.0470000000000015,2.112000000000001,1.0,0.32327882020439247,22.0,270.342,7.0,0.0,82.36999999999999,22.0,37.45162754661942,87.97747993854695,5.0
1045,1,Typical,click,Falke,-119.076547924426,-87358.5,1334,965,0,-0.7220186982913814,4.1,7.598,1.0,0.005917159763313609,-1.225,-7.05,6.791,5.500000000000001,140.834,17.0,0.0,0.0,0.041666666666666664,6.282913899443543,17.0,142.54299999999998,17.0,169.77300000000002,0.0,17.0,155.26518118772736,52.5185607843192,18.0
1045,1,Typical,click,Goldfisch,55.7116279946844,48063.0,1534,1070,1,-0.5697448025478333,2.568,7.555,1.0,0.001451378809869376,-0.4539,-8.414,6.0731,3.2859999999999996,137.4658,17.0,0.3800000000000008,0.0,0.08333333333333333,5.254619675872444,18.0,162.2903,18.0,83.28269999999999,0.3800000000000008,19.0,130.99429335067194,65.66149375924455,19.0
1045,1,Typical,click,Hai,78.7753928950067,34412.5,1238,740,0,-0.7951101682482845,3.463,7.656,0.5,0.0010214504596527069,-1.455,-8.75,6.6850000000000005,1.0549999999999997,146.10299999999998,17.0,0.0,0.0,0.041666666666666664,3.5044191848582944,19.0,170.33700000000002,18.0,66.883,0.0,19.0,115.92960434836164,32.52035186190416,19.0
1045,1,Typical,click,Hund,66.9852521830176,24239.0,1389,780,1,-0.6801433769619057,4.71,7.824,0.07142857142857142,0.0003957261574990107,-4.895,-9.766,1.2930000000000001,-0.8559999999999999,145.851,16.0,0.9599999999999991,0.9599999999999991,0.75,0.2733185827431956,19.0,224.609,0.0,16.677,5.531000000000001,16.0,60.38654795132443,41.35746029182099,16.0
1045,1,Typical,click,Kaninchen,79.0886186599955,57333.5,6669,1060,3,3.3398874706677644,5.434,7.836,0.07142857142857142,0.0005599104143337066,-4.344,-9.39,0.8319999999999999,2.51,142.117,16.0,0.0,0.0,0.041666666666666664,0.22004211053077194,22.0,223.166,0.0,67.84799999999998,0.0,0.0,66.49600405715856,42.205436002072055,1.0
1045,1,Typical,click,Katze,-154.318551035823,-61887.0,3286,941,6,0.764174524165648,5.355,7.812,0.1111111111111111,0.0004655493482309125,-4.63,-9.59,-0.06400000000000006,2.75,149.12400000000002,17.0,0.0,0.0,1.0,0.27924582434778517,22.0,223.119,0.0,61.901999999999994,0.06400000000000006,15.0,64.76828807422034,43.08931947855524,1.0
1045,1,Typical,click,Klapperschlange,60.3518741136776,32912.5,1526,750,2,-0.5758357583775753,4.68,7.582,0.14285714285714285,9.127418765972983e-05,-4.254,-12.266,1.883,-0.5960000000000001,159.38500000000002,17.0,6.5600000000000005,1.8800000000000008,0.7916666666666666,0.3341395210556347,22.0,272.101,17.0,8.696000000000002,39.196,19.0,57.67892111225579,46.71186066420429,19.0
1045,1,Typical,click,Lachs,-116.667308021246,-58877.5,1349,797,1,-0.7105981561106154,3.541,7.77,1.0,0.0009478672985781991,-1.035,-8.805,10.285,1.1550000000000011,144.0922,18.0,0.0,0.0,0.041666666666666664,6.089705803380613,17.0,161.35778,17.0,101.29222,0.0,18.0,183.51630680482114,40.1096654152545,18.0
1045,1,Typical,click,Loewe,-47.1598158754349,-1146.0,1590,1190,1,-0.5271081117396399,5.51,7.688,0.05,0.0002795638803466592,-5.027,-10.305,0.21499999999999986,-1.2889999999999997,152.458,17.0,2.63,2.63,0.9166666666666666,0.19016061941084472,20.0,230.844,0.0,0.8309999999999995,34.827,20.0,64.0926005884869,40.3879506035535,20.0
1045,1,Typical,click,Pferd,60.0382277355991,56222.0,1845,1540,1,-0.33295889466661605,4.496,7.67,0.022727272727272728,0.0003792188092529389,-6.055,-9.88,-0.12099999999999955,-2.243000000000001,147.17399999999998,17.0,3.4650000000000007,2.479000000000001,1.0,0.11968439300255372,20.0,227.091,0.0,0.3200000000000003,35.980000000000004,4.0,48.46719800578261,39.341101111093735,20.0
1045,1,Typical,click,Spatz,-50.0168271843789,-33018.0,1269,980,0,-0.7715077144080346,4.57,7.566,1.0,0.0055248618784530384,-1.347,-7.027,8.363000000000001,2.9330000000000007,144.0912,17.0,0.0,0.0,0.041666666666666664,6.366632781654495,17.0,141.23298,17.0,117.94501999999999,0.0,17.0,126.0473080182301,32.63877843707358,18.0
1045,1,Atypical,click,Aal,93.2622128712552,36824.5,1758,1190,2,-0.3991980393150595,4.24,7.477,1.0,0.0019011406844106464,-1.614,-8.125,5.753,3.359,144.142,17.0,0.0,0.0,0.041666666666666664,5.350612693200015,18.0,165.81730000000002,18.0,117.51970000000001,0.0,19.0,143.91418385457848,60.76871534313391,19.0
1045,1,Atypical,click,Pinguin,596.831771896751,286026.0,3286,1060,3,0.764174524165648,3.906,7.797,1.0,0.00510204081632653,-1.1875,-7.18,1.3624999999999998,1.5999999999999996,145.61399999999998,17.0,0.0,0.0,0.041666666666666664,5.679021674422119,18.0,146.9875,17.0,33.1655,0.0,17.0,55.065940584902386,33.47984880766462,18.0
1045,1,Atypical,click,Schmetterling,651.576656571192,239482.0,2517,1980,2,0.17868139503170555,4.43,7.85,0.3333333333333333,0.002136752136752137,-2.312,-7.945,1.411,-0.47500000000000053,158.62099999999998,17.0,4.65,2.465,0.75,5.691326469022061,17.0,179.6365,16.0,10.327499999999999,28.194,4.0,82.81711961061038,45.56419321270815,20.0
1045,1,Atypical,click,Wal,927.375301956263,302010.0,2446,1910,2,0.12462416204274598,4.02,7.723,0.125,0.0005310674455655868,-4.82,-9.46,-3.5730000000000004,-0.5150000000000006,146.208,17.0,3.4582999999999995,3.4582999999999995,1.0,0.30788095004842325,22.0,217.32299999999998,0.0,0.0600000000000005,42.3699,21.0,39.597979746446654,83.76453221196577,20.0
1046,0,Typical,click,Hai,1129.41840070119,678720.0,4197,1300,1,2.7459771688049868,3.463,7.656,0.5,0.0010214504596527069,-1.455,-8.75,6.6850000000000005,1.0549999999999997,146.10299999999998,17.0,0.0,0.0,0.041666666666666664,3.5044191848582944,19.0,170.33700000000002,18.0,66.883,0.0,19.0,115.92960434836164,32.52035186190416,19.0
1046,1,Typical,click,Alligator,31.560264609037,1660.0,1405,1060,1,-0.5129010354225562,4.45,7.72,1.0,0.0001318217769575534,-1.651,-11.46,3.199,-1.7800000000000011,145.1859,16.0,5.68,2.790000000000001,0.7916666666666666,2.046305650511986,22.0,255.92399999999998,4.0,14.643,48.59700000000001,18.0,75.12180909347863,53.99820243997104,18.0
1046,1,Typical,click,Chamaeleon,854.166579308416,347371.0,1989,1540,3,0.1687554370949529,5.184,7.64,0.14285714285714285,0.00013747594171020073,-3.97,-11.42,-2.133,-3.9699999999999998,151.466,17.0,3.0470000000000015,2.112000000000001,1.0,0.32327882020439247,22.0,270.342,7.0,0.0,82.36999999999999,22.0,37.45162754661942,87.97747993854695,5.0
1046,1,Typical,click,Falke,-138.297522233217,-85838.5,1477,1045,0,-0.42886119634505504,4.1,7.598,1.0,0.005917159763313609,-1.225,-7.05,6.791,5.500000000000001,140.834,17.0,0.0,0.0,0.041666666666666664,6.282913899443543,17.0,142.54299999999998,17.0,169.77300000000002,0.0,17.0,155.26518118772736,52.5185607843192,18.0
1046,1,Typical,click,Goldfisch,-209.102436605531,-134903.0,1190,852,0,-0.763853332667872,2.568,7.555,1.0,0.001451378809869376,-0.4539,-8.414,6.0731,3.2859999999999996,137.4658,17.0,0.3800000000000008,0.0,0.08333333333333333,5.254619675872444,18.0,162.2903,18.0,83.28269999999999,0.3800000000000008,19.0,130.99429335067194,65.66149375924455,19.0
1046,1,Typical,click,Hund,623.953820944456,330988.0,1765,1101,3,-0.0927018400350506,4.71,7.824,0.07142857142857142,0.0003957261574990107,-4.895,-9.766,1.2930000000000001,-0.8559999999999999,145.851,16.0,0.9599999999999991,0.9599999999999991,0.75,0.2733185827431956,19.0,224.609,0.0,16.677,5.531000000000001,16.0,60.38654795132443,41.35746029182099,16.0
1046,1,Typical,click,Kaninchen,95.1156904602934,55844.0,1646,1239,1,-0.23160101851036494,5.434,7.836,0.07142857142857142,0.0005599104143337066,-4.344,-9.39,0.8319999999999999,2.51,142.117,16.0,0.0,0.0,0.041666666666666664,0.22004211053077194,22.0,223.166,0.0,67.84799999999998,0.0,0.0,66.49600405715856,42.205436002072055,1.0
1046,1,Typical,click,Katze,-116.773598225123,-66909.0,1181,820,2,-0.7743583125525596,5.355,7.812,0.1111111111111111,0.0004655493482309125,-4.63,-9.59,-0.06400000000000006,2.75,149.12400000000002,17.0,0.0,0.0,1.0,0.27924582434778517,22.0,223.119,0.0,61.901999999999994,0.06400000000000006,15.0,64.76828807422034,43.08931947855524,1.0
1046,1,Typical,click,Klapperschlange,-78.6402943062229,1388.5,1493,877,0,-0.41018567655005483,4.68,7.582,0.14285714285714285,9.127418765972983e-05,-4.254,-12.266,1.883,-0.5960000000000001,159.38500000000002,17.0,6.5600000000000005,1.8800000000000008,0.7916666666666666,0.3341395210556347,22.0,272.101,17.0,8.696000000000002,39.196,19.0,57.67892111225579,46.71186066420429,19.0
1046,1,Typical,click,Lachs,85.459939552962,56713.5,1285,908,2,-0.6529674338850581,3.541,7.77,1.0,0.0009478672985781991,-1.035,-8.805,10.285,1.1550000000000011,144.0922,18.0,0.0,0.0,0.041666666666666664,6.089705803380613,17.0,161.35778,17.0,101.29222,0.0,18.0,183.51630680482114,40.1096654152545,18.0
1046,1,Typical,click,Loewe,761.241681288204,75419.0,1727,1381,3,-0.1370561995481762,5.51,7.688,0.05,0.0002795638803466592,-5.027,-10.305,0.21499999999999986,-1.2889999999999997,152.458,17.0,2.63,2.63,0.9166666666666666,0.19016061941084472,20.0,230.844,0.0,0.8309999999999995,34.827,20.0,64.0926005884869,40.3879506035535,20.0
1046,1,Typical,click,Pferd,167.21611599062,109717.0,1222,781,0,-0.7265022930778715,4.496,7.67,0.022727272727272728,0.0003792188092529389,-6.055,-9.88,-0.12099999999999955,-2.243000000000001,147.17399999999998,17.0,3.4650000000000007,2.479000000000001,1.0,0.11968439300255372,20.0,227.091,0.0,0.3200000000000003,35.980000000000004,4.0,48.46719800578261,39.341101111093735,20.0
1046,1,Typical,click,Spatz,531.579917777753,321837.5,1262,981,2,-0.6798134935903709,4.57,7.566,1.0,0.0055248618784530384,-1.347,-7.027,8.363000000000001,2.9330000000000007,144.0912,17.0,0.0,0.0,0.041666666666666664,6.366632781654495,17.0,141.23298,17.0,117.94501999999999,0.0,17.0,126.0473080182301,32.63877843707358,18.0
1046,1,Atypical,click,Aal,-71.3499137135655,-11151.0,1757,940,1,-0.10203959993255071,4.24,7.477,1.0,0.0019011406844106464,-1.614,-8.125,5.753,3.359,144.142,17.0,0.0,0.0,0.041666666666666664,5.350612693200015,18.0,165.81730000000002,18.0,117.51970000000001,0.0,19.0,143.91418385457848,60.76871534313391,19.0
1046,1,Atypical,click,Fledermaus,1089.91738999193,622868.0,3831,630,1,2.3187746534943563,4.906,7.652,0.0018656716417910447,0.00028538812785388126,-8.734,-10.266,-5.031000000000001,-2.3259999999999996,165.516,16.0,0.0,0.0,1.0,0.013391970707803893,20.0,246.002,0.0,0.0,71.10400000000001,4.0,33.0876255149752,94.95394459707009,11.0
1046,1,Atypical,click,Pinguin,40.2608773753967,724.0,2871,2327,3,1.1982434657943415,3.906,7.797,1.0,0.00510204081632653,-1.1875,-7.18,1.3624999999999998,1.5999999999999996,145.61399999999998,17.0,0.0,0.0,0.041666666666666664,5.679021674422119,18.0,146.9875,17.0,33.1655,0.0,17.0,55.065940584902386,33.47984880766462,18.0
1046,1,Atypical,click,Schmetterling,901.552913840969,380392.5,1573,1053,2,-0.3168080775750536,4.43,7.85,0.3333333333333333,0.002136752136752137,-2.312,-7.945,1.411,-0.47500000000000053,158.62099999999998,17.0,4.65,2.465,0.75,5.691326469022061,17.0,179.6365,16.0,10.327499999999999,28.194,4.0,82.81711961061038,45.56419321270815,20.0
1046,1,Atypical,click,Seeloewe,-126.12941392131,-57214.0,1693,1260,0,-0.1767416791125517,4.348,7.875,0.05263157894736842,0.0005339028296849973,-5.105,-9.414,-2.9530000000000003,-0.4339999999999993,149.56099999999998,17.0,3.7669999999999995,3.7669999999999995,1.0,0.17601902325040447,20.0,221.144,0.0,0.0,42.194,21.0,46.43150387400727,85.84442051756527,20.0
1046,1,Atypical,click,Wal,864.80702044684,465470.0,1480,936,1,-0.4253595363834925,4.02,7.723,0.125,0.0005310674455655868,-4.82,-9.46,-3.5730000000000004,-0.5150000000000006,146.208,17.0,3.4582999999999995,3.4582999999999995,1.0,0.30788095004842325,22.0,217.32299999999998,0.0,0.0600000000000005,42.3699,21.0,39.597979746446654,83.76453221196577,20.0
1047,1,Typical,touch,Alligator,-40.0016255789856,-29316.0,927,820,0,-0.35770497260199147,4.45,7.72,1.0,0.0001318217769575534,-1.651,-11.46,3.199,-1.7800000000000011,145.1859,16.0,5.68,2.790000000000001,0.7916666666666666,2.046305650511986,22.0,255.92399999999998,4.0,14.643,48.59700000000001,18.0,75.12180909347863,53.99820243997104,18.0
1047,1,Typical,touch,Chamaeleon,-28.1860340375862,-16286.5,2253,1973,0,1.4086648979849492,5.184,7.64,0.14285714285714285,0.00013747594171020073,-3.97,-11.42,-2.133,-3.9699999999999998,151.466,17.0,3.0470000000000015,2.112000000000001,1.0,0.32327882020439247,22.0,270.342,7.0,0.0,82.36999999999999,22.0,37.45162754661942,87.97747993854695,5.0
1047,1,Typical,touch,Falke,-29.5155261756333,-18740.5,820,740,0,-0.5002400979057642,4.1,7.598,1.0,0.005917159763313609,-1.225,-7.05,6.791,5.500000000000001,140.834,17.0,0.0,0.0,0.041666666666666664,6.282913899443543,17.0,142.54299999999998,17.0,169.77300000000002,0.0,17.0,155.26518118772736,52.5185607843192,18.0
1047,1,Typical,touch,Goldfisch,35.0605575961324,25884.5,750,700,0,-0.5934873761418772,2.568,7.555,1.0,0.001451378809869376,-0.4539,-8.414,6.0731,3.2859999999999996,137.4658,17.0,0.3800000000000008,0.0,0.08333333333333333,5.254619675872444,18.0,162.2903,18.0,83.28269999999999,0.3800000000000008,19.0,130.99429335067194,65.66149375924455,19.0
1047,1,Typical,touch,Hai,11.5537370711858,1736.5,840,780,0,-0.4735980184097319,3.463,7.656,0.5,0.0010214504596527069,-1.455,-8.75,6.6850000000000005,1.0549999999999997,146.10299999999998,17.0,0.0,0.0,0.041666666666666664,3.5044191848582944,19.0,170.33700000000002,18.0,66.883,0.0,19.0,115.92960434836164,32.52035186190416,19.0
1047,1,Typical,touch,Hund,8.16492513815576,3871.0,740,710,0,-0.6068084158898934,4.71,7.824,0.07142857142857142,0.0003957261574990107,-4.895,-9.766,1.2930000000000001,-0.8559999999999999,145.851,16.0,0.9599999999999991,0.9599999999999991,0.75,0.2733185827431956,19.0,224.609,0.0,16.677,5.531000000000001,16.0,60.38654795132443,41.35746029182099,16.0
1047,1,Typical,touch,Kaninchen,-39.1758848566579,-23973.5,690,660,0,-0.6734136146299741,5.434,7.836,0.07142857142857142,0.0005599104143337066,-4.344,-9.39,0.8319999999999999,2.51,142.117,16.0,0.0,0.0,0.041666666666666664,0.22004211053077194,22.0,223.166,0.0,67.84799999999998,0.0,0.0,66.49600405715856,42.205436002072055,1.0
1047,1,Typical,touch,Katze,-19.5243243133854,-8164.0,830,780,0,-0.4869190581577481,5.355,7.812,0.1111111111111111,0.0004655493482309125,-4.63,-9.59,-0.06400000000000006,2.75,149.12400000000002,17.0,0.0,0.0,1.0,0.27924582434778517,22.0,223.119,0.0,61.901999999999994,0.06400000000000006,15.0,64.76828807422034,43.08931947855524,1.0
1047,1,Typical,touch,Klapperschlange,-55.1926962453414,-27654.0,3840,3500,1,3.5227139059951114,4.68,7.582,0.14285714285714285,9.127418765972983e-05,-4.254,-12.266,1.883,-0.5960000000000001,159.38500000000002,17.0,6.5600000000000005,1.8800000000000008,0.7916666666666666,0.3341395210556347,22.0,272.101,17.0,8.696000000000002,39.196,19.0,57.67892111225579,46.71186066420429,19.0
1047,1,Typical,touch,Lachs,-19.9661741129616,-12471.5,1260,1250,0,0.08588565100694609,3.541,7.77,1.0,0.0009478672985781991,-1.035,-8.805,10.285,1.1550000000000011,144.0922,18.0,0.0,0.0,0.041666666666666664,6.089705803380613,17.0,161.35778,17.0,101.29222,0.0,18.0,183.51630680482114,40.1096654152545,18.0
1047,1,Typical,touch,Loewe,-23.5895080661138,-10278.5,917,827,0,-0.37102601235000765,5.51,7.688,0.05,0.0002795638803466592,-5.027,-10.305,0.21499999999999986,-1.2889999999999997,152.458,17.0,2.63,2.63,0.9166666666666666,0.19016061941084472,20.0,230.844,0.0,0.8309999999999995,34.827,20.0,64.0926005884869,40.3879506035535,20.0
1047,1,Typical,touch,Pferd,-25.5633246181901,-14658.0,631,581,0,-0.7520077491432694,4.496,7.67,0.022727272727272728,0.0003792188092529389,-6.055,-9.88,-0.12099999999999955,-2.243000000000001,147.17399999999998,17.0,3.4650000000000007,2.479000000000001,1.0,0.11968439300255372,20.0,227.091,0.0,0.3200000000000003,35.980000000000004,4.0,48.46719800578261,39.341101111093735,20.0
1047,1,Typical,touch,Spatz,-22.2002577442974,-8670.5,1050,980,0,-0.19385618370139293,4.57,7.566,1.0,0.0055248618784530384,-1.347,-7.027,8.363000000000001,2.9330000000000007,144.0912,17.0,0.0,0.0,0.041666666666666664,6.366632781654495,17.0,141.23298,17.0,117.94501999999999,0.0,17.0,126.0473080182301,32.63877843707358,18.0
1047,1,Atypical,touch,Aal,29.1686243527092,16079.0,767,677,0,-0.5708416085702498,4.24,7.477,1.0,0.0019011406844106464,-1.614,-8.125,5.753,3.359,144.142,17.0,0.0,0.0,0.041666666666666664,5.350612693200015,18.0,165.81730000000002,18.0,117.51970000000001,0.0,19.0,143.91418385457848,60.76871534313391,19.0
1047,1,Atypical,touch,Fledermaus,-23.0020977721528,-14913.5,1240,1150,1,0.059243571510913806,4.906,7.652,0.0018656716417910447,0.00028538812785388126,-8.734,-10.266,-5.031000000000001,-2.3259999999999996,165.516,16.0,0.0,0.0,1.0,0.013391970707803893,20.0,246.002,0.0,0.0,71.10400000000001,4.0,33.0876255149752,94.95394459707009,11.0
1047,1,Atypical,touch,Pinguin,58.2765991629736,7603.5,1180,780,2,-0.020682666977183056,3.906,7.797,1.0,0.00510204081632653,-1.1875,-7.18,1.3624999999999998,1.5999999999999996,145.61399999999998,17.0,0.0,0.0,0.041666666666666664,5.679021674422119,18.0,146.9875,17.0,33.1655,0.0,17.0,55.065940584902386,33.47984880766462,18.0
1047,1,Atypical,touch,Schmetterling,-7.12819471517247,1461.0,990,980,0,-0.2737824221894898,4.43,7.85,0.3333333333333333,0.002136752136752137,-2.312,-7.945,1.411,-0.47500000000000053,158.62099999999998,17.0,4.65,2.465,0.75,5.691326469022061,17.0,179.6365,16.0,10.327499999999999,28.194,4.0,82.81711961061038,45.56419321270815,20.0
1047,1,Atypical,touch,Seeloewe,-38.1930516807051,-22202.5,1680,1350,0,0.6453693204236242,4.348,7.875,0.05263157894736842,0.0005339028296849973,-5.105,-9.414,-2.9530000000000003,-0.4339999999999993,149.56099999999998,17.0,3.7669999999999995,3.7669999999999995,1.0,0.17601902325040447,20.0,221.144,0.0,0.0,42.194,21.0,46.43150387400727,85.84442051756527,20.0
1047,1,Atypical,touch,Wal,179.729418383756,15168.0,1310,1260,1,0.1524908497470268,4.02,7.723,0.125,0.0005310674455655868,-4.82,-9.46,-3.5730000000000004,-0.5150000000000006,146.208,17.0,3.4582999999999995,3.4582999999999995,1.0,0.30788095004842325,22.0,217.32299999999998,0.0,0.0600000000000005,42.3699,21.0,39.597979746446654,83.76453221196577,20.0
1048,0,Atypical,click,Pinguin,-76.5395311146477,-39405.5,1141,740,0,-0.7553863373045718,3.906,7.797,1.0,0.00510204081632653,-1.1875,-7.18,1.3624999999999998,1.5999999999999996,145.61399999999998,17.0,0.0,0.0,0.041666666666666664,5.679021674422119,18.0,146.9875,17.0,33.1655,0.0,17.0,55.065940584902386,33.47984880766462,18.0
1048,1,Typical,click,Alligator,-57.1214126132346,-18717.0,2174,1790,0,2.490228295418027,4.45,7.72,1.0,0.0001318217769575534,-1.651,-11.46,3.199,-1.7800000000000011,145.1859,16.0,5.68,2.790000000000001,0.7916666666666666,2.046305650511986,22.0,255.92399999999998,4.0,14.643,48.59700000000001,18.0,75.12180909347863,53.99820243997104,18.0
1048,1,Typical,click,Chamaeleon,-42.6935437497174,-8278.0,1598,1350,0,0.6804760897566359,5.184,7.64,0.14285714285714285,0.00013747594171020073,-3.97,-11.42,-2.133,-3.9699999999999998,151.466,17.0,3.0470000000000015,2.112000000000001,1.0,0.32327882020439247,22.0,270.342,7.0,0.0,82.36999999999999,22.0,37.45162754661942,87.97747993854695,5.0
1048,1,Typical,click,Falke,572.39966621458,384506.0,1205,660,3,-0.5543027588977506,4.1,7.598,1.0,0.005917159763313609,-1.225,-7.05,6.791,5.500000000000001,140.834,17.0,0.0,0.0,0.041666666666666664,6.282913899443543,17.0,142.54299999999998,17.0,169.77300000000002,0.0,17.0,155.26518118772736,52.5185607843192,18.0
1048,1,Typical,click,Goldfisch,26.5387490804426,7261.0,1245,900,0,-0.4286255223934874,2.568,7.555,1.0,0.001451378809869376,-0.4539,-8.414,6.0731,3.2859999999999996,137.4658,17.0,0.3800000000000008,0.0,0.08333333333333333,5.254619675872444,18.0,162.2903,18.0,83.28269999999999,0.3800000000000008,19.0,130.99429335067194,65.66149375924455,19.0
1048,1,Typical,click,Hai,-17.5716288532169,-2517.5,1341,980,2,-0.12700015478325555,3.463,7.656,0.5,0.0010214504596527069,-1.455,-8.75,6.6850000000000005,1.0549999999999997,146.10299999999998,17.0,0.0,0.0,0.041666666666666664,3.5044191848582944,19.0,170.33700000000002,18.0,66.883,0.0,19.0,115.92960434836164,32.52035186190416,19.0
1048,1,Typical,click,Hund,-101.571695964159,-54874.0,1469,940,0,0.2751670020303869,4.71,7.824,0.07142857142857142,0.0003957261574990107,-4.895,-9.766,1.2930000000000001,-0.8559999999999999,145.851,16.0,0.9599999999999991,0.9599999999999991,0.75,0.2733185827431956,19.0,224.609,0.0,16.677,5.531000000000001,16.0,60.38654795132443,41.35746029182099,16.0
1048,1,Typical,click,Kaninchen,-51.6903898053372,-21230.0,1038,670,0,-1.0790052213030499,5.434,7.836,0.07142857142857142,0.0005599104143337066,-4.344,-9.39,0.8319999999999999,2.51,142.117,16.0,0.0,0.0,0.041666666666666664,0.22004211053077194,22.0,223.166,0.0,67.84799999999998,0.0,0.0,66.49600405715856,42.205436002072055,1.0
1048,1,Typical,click,Katze,73.8586826293542,58243.5,1463,990,1,0.25631541655474743,5.355,7.812,0.1111111111111111,0.0004655493482309125,-4.63,-9.59,-0.06400000000000006,2.75,149.12400000000002,17.0,0.0,0.0,1.0,0.27924582434778517,22.0,223.119,0.0,61.901999999999994,0.06400000000000006,15.0,64.76828807422034,43.08931947855524,1.0
1048,1,Typical,click,Klapperschlange,56.7803627802814,30951.0,1262,990,0,-0.37521269687917547,4.68,7.582,0.14285714285714285,9.127418765972983e-05,-4.254,-12.266,1.883,-0.5960000000000001,159.38500000000002,17.0,6.5600000000000005,1.8800000000000008,0.7916666666666666,0.3341395210556347,22.0,272.101,17.0,8.696000000000002,39.196,19.0,57.67892111225579,46.71186066420429,19.0
1048,1,Typical,click,Lachs,-74.7971806547099,-35512.0,1255,941,1,-0.39720621326742156,3.541,7.77,1.0,0.0009478672985781991,-1.035,-8.805,10.285,1.1550000000000011,144.0922,18.0,0.0,0.0,0.041666666666666664,6.089705803380613,17.0,161.35778,17.0,101.29222,0.0,18.0,183.51630680482114,40.1096654152545,18.0
1048,1,Typical,click,Loewe,-26.0484066268195,-7946.0,1113,820,0,-0.8433604028575562,5.51,7.688,0.05,0.0002795638803466592,-5.027,-10.305,0.21499999999999986,-1.2889999999999997,152.458,17.0,2.63,2.63,0.9166666666666666,0.19016061941084472,20.0,230.844,0.0,0.8309999999999995,34.827,20.0,64.0926005884869,40.3879506035535,20.0
1048,1,Typical,click,Pferd,85.8769187909006,82222.0,1045,620,1,-1.0570117049148038,4.496,7.67,0.022727272727272728,0.0003792188092529389,-6.055,-9.88,-0.12099999999999955,-2.243000000000001,147.17399999999998,17.0,3.4650000000000007,2.479000000000001,1.0,0.11968439300255372,20.0,227.091,0.0,0.3200000000000003,35.980000000000004,4.0,48.46719800578261,39.341101111093735,20.0
1048,1,Typical,click,Spatz,326.962658501444,168151.5,1493,1220,2,0.35057334393294487,4.57,7.566,1.0,0.0055248618784530384,-1.347,-7.027,8.363000000000001,2.9330000000000007,144.0912,17.0,0.0,0.0,0.041666666666666664,6.366632781654495,17.0,141.23298,17.0,117.94501999999999,0.0,17.0,126.0473080182301,32.63877843707358,18.0
1048,1,Atypical,click,Aal,20.7739422128534,-295.5,1390,990,0,0.026954459934466952,4.24,7.477,1.0,0.0019011406844106464,-1.614,-8.125,5.753,3.359,144.142,17.0,0.0,0.0,0.041666666666666664,5.350612693200015,18.0,165.81730000000002,18.0,117.51970000000001,0.0,19.0,143.91418385457848,60.76871534313391,19.0
1048,1,Atypical,click,Fledermaus,68.240161302858,8820.0,2165,1380,1,2.4619509172045677,4.906,7.652,0.0018656716417910447,0.00028538812785388126,-8.734,-10.266,-5.031000000000001,-2.3259999999999996,165.516,16.0,0.0,0.0,1.0,0.013391970707803893,20.0,246.002,0.0,0.0,71.10400000000001,4.0,33.0876255149752,94.95394459707009,11.0
1048,1,Atypical,click,Schmetterling,-124.191290100747,-73788.5,1214,661,0,-0.5260253806842914,4.43,7.85,0.3333333333333333,0.002136752136752137,-2.312,-7.945,1.411,-0.47500000000000053,158.62099999999998,17.0,4.65,2.465,0.75,5.691326469022061,17.0,179.6365,16.0,10.327499999999999,28.194,4.0,82.81711961061038,45.56419321270815,20.0
1048,1,Atypical,click,Seeloewe,-31.1402843928169,7966.5,1198,910,1,-0.5762962752859967,4.348,7.875,0.05263157894736842,0.0005339028296849973,-5.105,-9.414,-2.9530000000000003,-0.4339999999999993,149.56099999999998,17.0,3.7669999999999995,3.7669999999999995,1.0,0.17601902325040447,20.0,221.144,0.0,0.0,42.194,21.0,46.43150387400727,85.84442051756527,20.0
1048,1,Atypical,click,Wal,1169.36585287533,621604.0,1438,790,4,0.17776714373958286,4.02,7.723,0.125,0.0005310674455655868,-4.82,-9.46,-3.5730000000000004,-0.5150000000000006,146.208,17.0,3.4582999999999995,3.4582999999999995,1.0,0.30788095004842325,22.0,217.32299999999998,0.0,0.0600000000000005,42.3699,21.0,39.597979746446654,83.76453221196577,20.0
1049,0,Typical,click,Klapperschlange,-229.604954936147,-104556.0,5189,4693,1,0.7197131474975912,4.68,7.582,0.14285714285714285,9.127418765972983e-05,-4.254,-12.266,1.883,-0.5960000000000001,159.38500000000002,17.0,6.5600000000000005,1.8800000000000008,0.7916666666666666,0.3341395210556347,22.0,272.101,17.0,8.696000000000002,39.196,19.0,57.67892111225579,46.71186066420429,19.0
1049,0,Atypical,click,Fledermaus,-166.875477290392,-93948.0,7045,6580,4,1.5639390874688202,4.906,7.652,0.0018656716417910447,0.00028538812785388126,-8.734,-10.266,-5.031000000000001,-2.3259999999999996,165.516,16.0,0.0,0.0,1.0,0.013391970707803893,20.0,246.002,0.0,0.0,71.10400000000001,4.0,33.0876255149752,94.95394459707009,11.0
1049,1,Typical,click,Alligator,90.7368887014549,57545.0,1733,1101,0,-0.852293775207456,4.45,7.72,1.0,0.0001318217769575534,-1.651,-11.46,3.199,-1.7800000000000011,145.1859,16.0,5.68,2.790000000000001,0.7916666666666666,2.046305650511986,22.0,255.92399999999998,4.0,14.643,48.59700000000001,18.0,75.12180909347863,53.99820243997104,18.0
1049,1,Typical,click,Chamaeleon,-191.232935847782,-116177.5,3270,2582,0,-0.15316916866878194,5.184,7.64,0.14285714285714285,0.00013747594171020073,-3.97,-11.42,-2.133,-3.9699999999999998,151.466,17.0,3.0470000000000015,2.112000000000001,1.0,0.32327882020439247,22.0,270.342,7.0,0.0,82.36999999999999,22.0,37.45162754661942,87.97747993854695,5.0
1049,1,Typical,click,Falke,49.3114753435856,1199.0,2303,1710,1,-0.5930218001085332,4.1,7.598,1.0,0.005917159763313609,-1.225,-7.05,6.791,5.500000000000001,140.834,17.0,0.0,0.0,0.041666666666666664,6.282913899443543,17.0,142.54299999999998,17.0,169.77300000000002,0.0,17.0,155.26518118772736,52.5185607843192,18.0
1049,1,Typical,click,Goldfisch,-69.5191084951191,-42472.5,2437,1820,0,-0.532070142804576,2.568,7.555,1.0,0.001451378809869376,-0.4539,-8.414,6.0731,3.2859999999999996,137.4658,17.0,0.3800000000000008,0.0,0.08333333333333333,5.254619675872444,18.0,162.2903,18.0,83.28269999999999,0.3800000000000008,19.0,130.99429335067194,65.66149375924455,19.0
1049,1,Typical,click,Hai,-90.443915364823,-42061.5,5247,4245,0,0.746095208121692,3.463,7.656,0.5,0.0010214504596527069,-1.455,-8.75,6.6850000000000005,1.0549999999999997,146.10299999999998,17.0,0.0,0.0,0.041666666666666664,3.5044191848582944,19.0,170.33700000000002,18.0,66.883,0.0,19.0,115.92960434836164,32.52035186190416,19.0
1049,1,Typical,click,Hund,-113.052538592054,-74686.5,1933,1420,0,-0.7613211523657287,4.71,7.824,0.07142857142857142,0.0003957261574990107,-4.895,-9.766,1.2930000000000001,-0.8559999999999999,145.851,16.0,0.9599999999999991,0.9599999999999991,0.75,0.2733185827431956,19.0,224.609,0.0,16.677,5.531000000000001,16.0,60.38654795132443,41.35746029182099,16.0
1049,1,Typical,click,Kaninchen,402.692757723843,83050.5,2205,1700,3,-0.6375983853009796,5.434,7.836,0.07142857142857142,0.0005599104143337066,-4.344,-9.39,0.8319999999999999,2.51,142.117,16.0,0.0,0.0,0.041666666666666664,0.22004211053077194,22.0,223.166,0.0,67.84799999999998,0.0,0.0,66.49600405715856,42.205436002072055,1.0
1049,1,Typical,click,Katze,168.457709006121,124935.0,1565,1260,2,-0.9287107783945069,5.355,7.812,0.1111111111111111,0.0004655493482309125,-4.63,-9.59,-0.06400000000000006,2.75,149.12400000000002,17.0,0.0,0.0,1.0,0.27924582434778517,22.0,223.119,0.0,61.901999999999994,0.06400000000000006,15.0,64.76828807422034,43.08931947855524,1.0
1049,1,Typical,click,Lachs,28.8852803234646,12691.5,2214,1741,0,-0.6335046172731019,3.541,7.77,1.0,0.0009478672985781991,-1.035,-8.805,10.285,1.1550000000000011,144.0922,18.0,0.0,0.0,0.041666666666666664,6.089705803380613,17.0,161.35778,17.0,101.29222,0.0,18.0,183.51630680482114,40.1096654152545,18.0
1049,1,Typical,click,Loewe,-112.745166434505,-75514.0,1462,860,0,-0.9755616791579964,5.51,7.688,0.05,0.0002795638803466592,-5.027,-10.305,0.21499999999999986,-1.2889999999999997,152.458,17.0,2.63,2.63,0.9166666666666666,0.19016061941084472,20.0,230.844,0.0,0.8309999999999995,34.827,20.0,64.0926005884869,40.3879506035535,20.0
1049,1,Typical,click,Pferd,145.078373898893,61099.0,2156,1580,0,-0.6598866778972028,4.496,7.67,0.022727272727272728,0.0003792188092529389,-6.055,-9.88,-0.12099999999999955,-2.243000000000001,147.17399999999998,17.0,3.4650000000000007,2.479000000000001,1.0,0.11968439300255372,20.0,227.091,0.0,0.3200000000000003,35.980000000000004,4.0,48.46719800578261,39.341101111093735,20.0
1049,1,Typical,click,Spatz,50.5890591507244,47670.5,2263,1687,1,-0.6112163246768787,4.57,7.566,1.0,0.0055248618784530384,-1.347,-7.027,8.363000000000001,2.9330000000000007,144.0912,17.0,0.0,0.0,0.041666666666666664,6.366632781654495,17.0,141.23298,17.0,117.94501999999999,0.0,17.0,126.0473080182301,32.63877843707358,18.0
1049,1,Atypical,click,Aal,295.703343046133,250889.0,2549,2020,3,-0.4811254740132087,4.24,7.477,1.0,0.0019011406844106464,-1.614,-8.125,5.753,3.359,144.142,17.0,0.0,0.0,0.041666666666666664,5.350612693200015,18.0,165.81730000000002,18.0,117.51970000000001,0.0,19.0,143.91418385457848,60.76871534313391,19.0
1049,1,Atypical,click,Pinguin,909.919299173693,390495.0,7221,6677,2,1.64399499556954,3.906,7.797,1.0,0.00510204081632653,-1.1875,-7.18,1.3624999999999998,1.5999999999999996,145.61399999999998,17.0,0.0,0.0,0.041666666666666664,5.679021674422119,18.0,146.9875,17.0,33.1655,0.0,17.0,55.065940584902386,33.47984880766462,18.0
1049,1,Atypical,click,Schmetterling,-89.1866130903822,-57723.0,2933,2429,0,-0.3064580381570924,4.43,7.85,0.3333333333333333,0.002136752136752137,-2.312,-7.945,1.411,-0.47500000000000053,158.62099999999998,17.0,4.65,2.465,0.75,5.691326469022061,17.0,179.6365,16.0,10.327499999999999,28.194,4.0,82.81711961061038,45.56419321270815,20.0
1049,1,Atypical,click,Seeloewe,-112.86462094001,-26190.5,6917,4829,0,1.5057166088501146,4.348,7.875,0.05263157894736842,0.0005339028296849973,-5.105,-9.414,-2.9530000000000003,-0.4339999999999993,149.56099999999998,17.0,3.7669999999999995,3.7669999999999995,1.0,0.17601902325040447,20.0,221.144,0.0,0.0,42.194,21.0,46.43150387400727,85.84442051756527,20.0
1049,1,Atypical,click,Wal,-97.1860379434909,-73257.5,7886,7094,1,1.9464789665182833,4.02,7.723,0.125,0.0005310674455655868,-4.82,-9.46,-3.5730000000000004,-0.5150000000000006,146.208,17.0,3.4582999999999995,3.4582999999999995,1.0,0.30788095004842325,22.0,217.32299999999998,0.0,0.0600000000000005,42.3699,21.0,39.597979746446654,83.76453221196577,20.0
1050,0,Atypical,click,Fledermaus,-87.9152495422136,-34397.0,3949,2020,0,0.6384999225548817,4.906,7.652,0.0018656716417910447,0.00028538812785388126,-8.734,-10.266,-5.031000000000001,-2.3259999999999996,165.516,16.0,0.0,0.0,1.0,0.013391970707803893,20.0,246.002,0.0,0.0,71.10400000000001,4.0,33.0876255149752,94.95394459707009,11.0
1050,1,Typical,click,Alligator,172.639209040995,161782.0,1557,1140,1,-0.5695993480643632,4.45,7.72,1.0,0.0001318217769575534,-1.651,-11.46,3.199,-1.7800000000000011,145.1859,16.0,5.68,2.790000000000001,0.7916666666666666,2.046305650511986,22.0,255.92399999999998,4.0,14.643,48.59700000000001,18.0,75.12180909347863,53.99820243997104,18.0
1050,1,Typical,click,Chamaeleon,103.881387149341,88505.0,3231,1790,1,0.27586811807970707,5.184,7.64,0.14285714285714285,0.00013747594171020073,-3.97,-11.42,-2.133,-3.9699999999999998,151.466,17.0,3.0470000000000015,2.112000000000001,1.0,0.32327882020439247,22.0,270.342,7.0,0.0,82.36999999999999,22.0,37.45162754661942,87.97747993854695,5.0
1050,1,Typical,click,Falke,1212.51080441143,728644.5,1694,1021,1,-0.5004063714444482,4.1,7.598,1.0,0.005917159763313609,-1.225,-7.05,6.791,5.500000000000001,140.834,17.0,0.0,0.0,0.041666666666666664,6.282913899443543,17.0,142.54299999999998,17.0,169.77300000000002,0.0,17.0,155.26518118772736,52.5185607843192,18.0
1050,1,Typical,click,Goldfisch,-106.051183656252,-66693.0,1493,1020,1,-0.601923074368557,2.568,7.555,1.0,0.001451378809869376,-0.4539,-8.414,6.0731,3.2859999999999996,137.4658,17.0,0.3800000000000008,0.0,0.08333333333333333,5.254619675872444,18.0,162.2903,18.0,83.28269999999999,0.3800000000000008,19.0,130.99429335067194,65.66149375924455,19.0
1050,1,Typical,click,Hai,136.362627942231,92456.0,9365,5964,1,3.373895261047286,3.463,7.656,0.5,0.0010214504596527069,-1.455,-8.75,6.6850000000000005,1.0549999999999997,146.10299999999998,17.0,0.0,0.0,0.041666666666666664,3.5044191848582944,19.0,170.33700000000002,18.0,66.883,0.0,19.0,115.92960434836164,32.52035186190416,19.0
1050,1,Typical,click,Hund,67.8710197877465,53310.0,1110,750,0,-0.7953603739702171,4.71,7.824,0.07142857142857142,0.0003957261574990107,-4.895,-9.766,1.2930000000000001,-0.8559999999999999,145.851,16.0,0.9599999999999991,0.9599999999999991,0.75,0.2733185827431956,19.0,224.609,0.0,16.677,5.531000000000001,16.0,60.38654795132443,41.35746029182099,16.0
1050,1,Typical,click,Kaninchen,-79.6149621921635,-44750.5,1493,900,0,-0.601923074368557,5.434,7.836,0.07142857142857142,0.0005599104143337066,-4.344,-9.39,0.8319999999999999,2.51,142.117,16.0,0.0,0.0,0.041666666666666664,0.22004211053077194,22.0,223.166,0.0,67.84799999999998,0.0,0.0,66.49600405715856,42.205436002072055,1.0
1050,1,Typical,click,Katze,93.9510463243327,65999.5,1253,980,0,-0.7231370480092839,5.355,7.812,0.1111111111111111,0.0004655493482309125,-4.63,-9.59,-0.06400000000000006,2.75,149.12400000000002,17.0,0.0,0.0,1.0,0.27924582434778517,22.0,223.119,0.0,61.901999999999994,0.06400000000000006,15.0,64.76828807422034,43.08931947855524,1.0
1050,1,Typical,click,Klapperschlange,232.706190547296,202543.5,5709,2020,1,1.5274023959202123,4.68,7.582,0.14285714285714285,9.127418765972983e-05,-4.254,-12.266,1.883,-0.5960000000000001,159.38500000000002,17.0,6.5600000000000005,1.8800000000000008,0.7916666666666666,0.3341395210556347,22.0,272.101,17.0,8.696000000000002,39.196,19.0,57.67892111225579,46.71186066420429,19.0
1050,1,Typical,click,Lachs,271.614963053274,203648.5,2750,2190,1,0.0329351125747502,3.541,7.77,1.0,0.0009478672985781991,-1.035,-8.805,10.285,1.1550000000000011,144.0922,18.0,0.0,0.0,0.041666666666666664,6.089705803380613,17.0,161.35778,17.0,101.29222,0.0,18.0,183.51630680482114,40.1096654152545,18.0
1050,1,Typical,click,Loewe,-126.689979536007,-91409.0,1213,740,1,-0.7433393769494051,5.51,7.688,0.05,0.0002795638803466592,-5.027,-10.305,0.21499999999999986,-1.2889999999999997,152.458,17.0,2.63,2.63,0.9166666666666666,0.19016061941084472,20.0,230.844,0.0,0.8309999999999995,34.827,20.0,64.0926005884869,40.3879506035535,20.0
1050,1,Typical,click,Pferd,-93.5735739353214,-62470.0,2287,1110,2,-0.20090684490715213,4.496,7.67,0.022727272727272728,0.0003792188092529389,-6.055,-9.88,-0.12099999999999955,-2.243000000000001,147.17399999999998,17.0,3.4650000000000007,2.479000000000001,1.0,0.11968439300255372,20.0,227.091,0.0,0.3200000000000003,35.980000000000004,4.0,48.46719800578261,39.341101111093735,20.0
1050,1,Typical,click,Spatz,89.5158918553076,88141.0,2005,1540,2,-0.34333326393500624,4.57,7.566,1.0,0.0055248618784530384,-1.347,-7.027,8.363000000000001,2.9330000000000007,144.0912,17.0,0.0,0.0,0.041666666666666664,6.366632781654495,17.0,141.23298,17.0,117.94501999999999,0.0,17.0,126.0473080182301,32.63877843707358,18.0
1050,1,Atypical,click,Aal,157.64725108839,124511.0,1686,1341,1,-0.5044468372324724,4.24,7.477,1.0,0.0019011406844106464,-1.614,-8.125,5.753,3.359,144.142,17.0,0.0,0.0,0.041666666666666664,5.350612693200015,18.0,165.81730000000002,18.0,117.51970000000001,0.0,19.0,143.91418385457848,60.76871534313391,19.0
1050,1,Atypical,click,Pinguin,104.024905027179,64285.0,3151,2750,1,0.23546346019946476,3.906,7.797,1.0,0.00510204081632653,-1.1875,-7.18,1.3624999999999998,1.5999999999999996,145.61399999999998,17.0,0.0,0.0,0.041666666666666664,5.679021674422119,18.0,146.9875,17.0,33.1655,0.0,17.0,55.065940584902386,33.47984880766462,18.0
1050,1,Atypical,click,Schmetterling,126.261915191258,94526.0,1877,1540,0,-0.40798071654339396,4.43,7.85,0.3333333333333333,0.002136752136752137,-2.312,-7.945,1.411,-0.47500000000000053,158.62099999999998,17.0,4.65,2.465,0.75,5.691326469022061,17.0,179.6365,16.0,10.327499999999999,28.194,4.0,82.81711961061038,45.56419321270815,20.0
1050,1,Atypical,click,Seeloewe,-58.4490975543447,-34703.5,3141,2764,0,0.23041287796443446,4.348,7.875,0.05263157894736842,0.0005339028296849973,-5.105,-9.414,-2.9530000000000003,-0.4339999999999993,149.56099999999998,17.0,3.7669999999999995,3.7669999999999995,1.0,0.17601902325040447,20.0,221.144,0.0,0.0,42.194,21.0,46.43150387400727,85.84442051756527,20.0
1050,1,Atypical,click,Wal,-159.310489985601,-102004.5,2047,1790,1,-0.32212081854787905,4.02,7.723,0.125,0.0005310674455655868,-4.82,-9.46,-3.5730000000000004,-0.5150000000000006,146.208,17.0,3.4582999999999995,3.4582999999999995,1.0,0.30788095004842325,22.0,217.32299999999998,0.0,0.0600000000000005,42.3699,21.0,39.597979746446654,83.76453221196577,20.0
1051,0,Typical,touch,Klapperschlange,36.7426836500169,18206.5,2038,1988,0,0.6119296219260456,4.68,7.582,0.14285714285714285,9.127418765972983e-05,-4.254,-12.266,1.883,-0.5960000000000001,159.38500000000002,17.0,6.5600000000000005,1.8800000000000008,0.7916666666666666,0.3341395210556347,22.0,272.101,17.0,8.696000000000002,39.196,19.0,57.67892111225579,46.71186066420429,19.0
1051,1,Typical,touch,Alligator,-16.007351252398,2034.0,1800,1750,2,0.13458862652332393,4.45,7.72,1.0,0.0001318217769575534,-1.651,-11.46,3.199,-1.7800000000000011,145.1859,16.0,5.68,2.790000000000001,0.7916666666666666,2.046305650511986,22.0,255.92399999999998,4.0,14.643,48.59700000000001,18.0,75.12180909347863,53.99820243997104,18.0
1051,1,Typical,touch,Chamaeleon,54.4628012797063,1995.5,2481,2421,1,1.500425676394137,5.184,7.64,0.14285714285714285,0.00013747594171020073,-3.97,-11.42,-2.133,-3.9699999999999998,151.466,17.0,3.0470000000000015,2.112000000000001,1.0,0.32327882020439247,22.0,270.342,7.0,0.0,82.36999999999999,22.0,37.45162754661942,87.97747993854695,5.0
1051,1,Typical,touch,Falke,64.2816700465605,36371.5,1160,940,2,-1.1490174115344152,4.1,7.598,1.0,0.005917159763313609,-1.225,-7.05,6.791,5.500000000000001,140.834,17.0,0.0,0.0,0.041666666666666664,6.282913899443543,17.0,142.54299999999998,17.0,169.77300000000002,0.0,17.0,155.26518118772736,52.5185607843192,18.0
1051,1,Typical,touch,Goldfisch,71.1670635310138,32623.0,1543,1190,1,-0.38085942313423693,2.568,7.555,1.0,0.001451378809869376,-0.4539,-8.414,6.0731,3.2859999999999996,137.4658,17.0,0.3800000000000008,0.0,0.08333333333333333,5.254619675872444,18.0,162.2903,18.0,83.28269999999999,0.3800000000000008,19.0,130.99429335067194,65.66149375924455,19.0
1051,1,Typical,touch,Hai,22.7658612571475,7414.5,930,740,0,-1.6103133314614153,3.463,7.656,0.5,0.0010214504596527069,-1.455,-8.75,6.6850000000000005,1.0549999999999997,146.10299999999998,17.0,0.0,0.0,0.041666666666666664,3.5044191848582944,19.0,170.33700000000002,18.0,66.883,0.0,19.0,115.92960434836164,32.52035186190416,19.0
1051,1,Typical,touch,Hund,-24.1972626120504,-10509.5,1270,1060,0,-0.9283976237432413,4.71,7.824,0.07142857142857142,0.0003957261574990107,-4.895,-9.766,1.2930000000000001,-0.8559999999999999,145.851,16.0,0.9599999999999991,0.9599999999999991,0.75,0.2733185827431956,19.0,224.609,0.0,16.677,5.531000000000001,16.0,60.38654795132443,41.35746029182099,16.0
1051,1,Typical,touch,Kaninchen,70.2748010377599,46771.0,1000,860,0,-1.46991892104885,5.434,7.836,0.07142857142857142,0.0005599104143337066,-4.344,-9.39,0.8319999999999999,2.51,142.117,16.0,0.0,0.0,0.041666666666666664,0.22004211053077194,22.0,223.166,0.0,67.84799999999998,0.0,0.0,66.49600405715856,42.205436002072055,1.0
1051,1,Typical,touch,Katze,23.9625115229382,4842.5,1650,1470,0,-0.1662565386464587,5.355,7.812,0.1111111111111111,0.0004655493482309125,-4.63,-9.59,-0.06400000000000006,2.75,149.12400000000002,17.0,0.0,0.0,1.0,0.27924582434778517,22.0,223.119,0.0,61.901999999999994,0.06400000000000006,15.0,64.76828807422034,43.08931947855524,1.0
1051,1,Typical,touch,Lachs,-118.471823725973,-83117.5,1760,1670,3,0.05436324914471522,3.541,7.77,1.0,0.0009478672985781991,-1.035,-8.805,10.285,1.1550000000000011,144.0922,18.0,0.0,0.0,0.041666666666666664,6.089705803380613,17.0,161.35778,17.0,101.29222,0.0,18.0,183.51630680482114,40.1096654152545,18.0
1051,1,Typical,touch,Loewe,-54.7054086224602,-20572.0,1590,1140,0,-0.28659460471437176,5.51,7.688,0.05,0.0002795638803466592,-5.027,-10.305,0.21499999999999986,-1.2889999999999997,152.458,17.0,2.63,2.63,0.9166666666666666,0.19016061941084472,20.0,230.844,0.0,0.8309999999999995,34.827,20.0,64.0926005884869,40.3879506035535,20.0
1051,1,Typical,touch,Pferd,759.744737026339,256697.0,1520,1310,1,-0.42698901512693693,4.496,7.67,0.022727272727272728,0.0003792188092529389,-6.055,-9.88,-0.12099999999999955,-2.243000000000001,147.17399999999998,17.0,3.4650000000000007,2.479000000000001,1.0,0.11968439300255372,20.0,227.091,0.0,0.3200000000000003,35.980000000000004,4.0,48.46719800578261,39.341101111093735,20.0
1051,1,Typical,touch,Spatz,84.3276520034601,46260.0,1704,1294,4,-0.05795227918533695,4.57,7.566,1.0,0.0055248618784530384,-1.347,-7.027,8.363000000000001,2.9330000000000007,144.0912,17.0,0.0,0.0,0.041666666666666664,6.366632781654495,17.0,141.23298,17.0,117.94501999999999,0.0,17.0,126.0473080182301,32.63877843707358,18.0
1051,1,Atypical,touch,Aal,14.8129639322042,5561.5,1510,1060,0,-0.44704535947158913,4.24,7.477,1.0,0.0019011406844106464,-1.614,-8.125,5.753,3.359,144.142,17.0,0.0,0.0,0.041666666666666664,5.350612693200015,18.0,165.81730000000002,18.0,117.51970000000001,0.0,19.0,143.91418385457848,60.76871534313391,19.0
1051,1,Atypical,touch,Fledermaus,-20.3290945374481,-9454.5,2070,1870,0,0.6761099238289326,4.906,7.652,0.0018656716417910447,0.00028538812785388126,-8.734,-10.266,-5.031000000000001,-2.3259999999999996,165.516,16.0,0.0,0.0,1.0,0.013391970707803893,20.0,246.002,0.0,0.0,71.10400000000001,4.0,33.0876255149752,94.95394459707009,11.0
1051,1,Atypical,touch,Pinguin,-58.3792855547668,5672.5,2800,2540,2,2.140223060988541,3.906,7.797,1.0,0.00510204081632653,-1.1875,-7.18,1.3624999999999998,1.5999999999999996,145.61399999999998,17.0,0.0,0.0,0.041666666666666664,5.679021674422119,18.0,146.9875,17.0,33.1655,0.0,17.0,55.065940584902386,33.47984880766462,18.0
1051,1,Atypical,touch,Schmetterling,49.4892342195158,8907.0,2310,2260,2,1.1574621881005849,4.43,7.85,0.3333333333333333,0.002136752136752137,-2.312,-7.945,1.411,-0.47500000000000053,158.62099999999998,17.0,4.65,2.465,0.75,5.691326469022061,17.0,179.6365,16.0,10.327499999999999,28.194,4.0,82.81711961061038,45.56419321270815,20.0
1051,1,Atypical,touch,Seeloewe,61.1806783533646,32434.5,2279,2229,0,1.095287520632163,4.348,7.875,0.05263157894736842,0.0005339028296849973,-5.105,-9.414,-2.9530000000000003,-0.4339999999999993,149.56099999999998,17.0,3.7669999999999995,3.7669999999999995,1.0,0.17601902325040447,20.0,221.144,0.0,0.0,42.194,21.0,46.43150387400727,85.84442051756527,20.0
1051,1,Atypical,touch,Wal,-17.188392098538,-313.0,1510,1420,0,-0.44704535947158913,4.02,7.723,0.125,0.0005310674455655868,-4.82,-9.46,-3.5730000000000004,-0.5150000000000006,146.208,17.0,3.4582999999999995,3.4582999999999995,1.0,0.30788095004842325,22.0,217.32299999999998,0.0,0.0600000000000005,42.3699,21.0,39.597979746446654,83.76453221196577,20.0
1052,0,Typical,touch,Hai,-130.460488701859,-53093.0,3110,2900,0,0.5887765125429306,3.463,7.656,0.5,0.0010214504596527069,-1.455,-8.75,6.6850000000000005,1.0549999999999997,146.10299999999998,17.0,0.0,0.0,0.041666666666666664,3.5044191848582944,19.0,170.33700000000002,18.0,66.883,0.0,19.0,115.92960434836164,32.52035186190416,19.0
1052,0,Typical,touch,Klapperschlange,-33.2101722107779,-8493.5,2150,1980,3,-0.27890415230178606,4.68,7.582,0.14285714285714285,9.127418765972983e-05,-4.254,-12.266,1.883,-0.5960000000000001,159.38500000000002,17.0,6.5600000000000005,1.8800000000000008,0.7916666666666666,0.3341395210556347,22.0,272.101,17.0,8.696000000000002,39.196,19.0,57.67892111225579,46.71186066420429,19.0
1052,1,Typical,touch,Alligator,53.820917875469,27476.0,1490,1310,0,-0.8754346093825287,4.45,7.72,1.0,0.0001318217769575534,-1.651,-11.46,3.199,-1.7800000000000011,145.1859,16.0,5.68,2.790000000000001,0.7916666666666666,2.046305650511986,22.0,255.92399999999998,4.0,14.643,48.59700000000001,18.0,75.12180909347863,53.99820243997104,18.0
1052,1,Typical,touch,Chamaeleon,85.101369429274,53594.5,1919,1789,0,-0.487689812280046,5.184,7.64,0.14285714285714285,0.00013747594171020073,-3.97,-11.42,-2.133,-3.9699999999999998,151.466,17.0,3.0470000000000015,2.112000000000001,1.0,0.32327882020439247,22.0,270.342,7.0,0.0,82.36999999999999,22.0,37.45162754661942,87.97747993854695,5.0
1052,1,Typical,touch,Falke,-11.7533925167054,-3885.0,1310,1220,0,-1.038124734040913,4.1,7.598,1.0,0.005917159763313609,-1.225,-7.05,6.791,5.500000000000001,140.834,17.0,0.0,0.0,0.041666666666666664,6.282913899443543,17.0,142.54299999999998,17.0,169.77300000000002,0.0,17.0,155.26518118772736,52.5185607843192,18.0
1052,1,Typical,touch,Goldfisch,19.743641868038,5430.0,1340,1190,0,-1.0110097132645157,2.568,7.555,1.0,0.001451378809869376,-0.4539,-8.414,6.0731,3.2859999999999996,137.4658,17.0,0.3800000000000008,0.0,0.08333333333333333,5.254619675872444,18.0,162.2903,18.0,83.28269999999999,0.3800000000000008,19.0,130.99429335067194,65.66149375924455,19.0
1052,1,Typical,touch,Hund,-95.1124576619813,-33677.0,1925,1565,1,-0.4822668081247665,4.71,7.824,0.07142857142857142,0.0003957261574990107,-4.895,-9.766,1.2930000000000001,-0.8559999999999999,145.851,16.0,0.9599999999999991,0.9599999999999991,0.75,0.2733185827431956,19.0,224.609,0.0,16.677,5.531000000000001,16.0,60.38654795132443,41.35746029182099,16.0
1052,1,Typical,touch,Kaninchen,39.3994583576554,13803.0,1410,990,0,-0.9477413314529218,5.434,7.836,0.07142857142857142,0.0005599104143337066,-4.344,-9.39,0.8319999999999999,2.51,142.117,16.0,0.0,0.0,0.041666666666666664,0.22004211053077194,22.0,223.166,0.0,67.84799999999998,0.0,0.0,66.49600405715856,42.205436002072055,1.0
1052,1,Typical,touch,Katze,45.0891805530476,23422.0,2410,2300,1,-0.043907305573008606,5.355,7.812,0.1111111111111111,0.0004655493482309125,-4.63,-9.59,-0.06400000000000006,2.75,149.12400000000002,17.0,0.0,0.0,1.0,0.27924582434778517,22.0,223.119,0.0,61.901999999999994,0.06400000000000006,15.0,64.76828807422034,43.08931947855524,1.0
1052,1,Typical,touch,Lachs,34.1961532614564,16989.5,2350,2220,0,-0.0981373471258034,3.541,7.77,1.0,0.0009478672985781991,-1.035,-8.805,10.285,1.1550000000000011,144.0922,18.0,0.0,0.0,0.041666666666666664,6.089705803380613,17.0,161.35778,17.0,101.29222,0.0,18.0,183.51630680482114,40.1096654152545,18.0
1052,1,Typical,touch,Loewe,-36.1934292428809,-22587.0,1600,1310,0,-0.7760128665357383,5.51,7.688,0.05,0.0002795638803466592,-5.027,-10.305,0.21499999999999986,-1.2889999999999997,152.458,17.0,2.63,2.63,0.9166666666666666,0.19016061941084472,20.0,230.844,0.0,0.8309999999999995,34.827,20.0,64.0926005884869,40.3879506035535,20.0
1052,1,Typical,touch,Pferd,63.6231255793712,19767.0,3050,2590,0,0.5345464709901359,4.496,7.67,0.022727272727272728,0.0003792188092529389,-6.055,-9.88,-0.12099999999999955,-2.243000000000001,147.17399999999998,17.0,3.4650000000000007,2.479000000000001,1.0,0.11968439300255372,20.0,227.091,0.0,0.3200000000000003,35.980000000000004,4.0,48.46719800578261,39.341101111093735,20.0
1052,1,Typical,touch,Spatz,87.8925849798157,45633.5,2992,2582,1,0.48212409748910084,4.57,7.566,1.0,0.0055248618784530384,-1.347,-7.027,8.363000000000001,2.9330000000000007,144.0912,17.0,0.0,0.0,0.041666666666666664,6.366632781654495,17.0,141.23298,17.0,117.94501999999999,0.0,17.0,126.0473080182301,32.63877843707358,18.0
1052,1,Atypical,touch,Aal,87.560019046032,41739.0,5533,5133,1,2.7787663572499604,4.24,7.477,1.0,0.0019011406844106464,-1.614,-8.125,5.753,3.359,144.142,17.0,0.0,0.0,0.041666666666666664,5.350612693200015,18.0,165.81730000000002,18.0,117.51970000000001,0.0,19.0,143.91418385457848,60.76871534313391,19.0
1052,1,Atypical,touch,Fledermaus,55.1991089604754,16908.5,4080,3900,2,1.4654955176464464,4.906,7.652,0.0018656716417910447,0.00028538812785388126,-8.734,-10.266,-5.031000000000001,-2.3259999999999996,165.516,16.0,0.0,0.0,1.0,0.013391970707803893,20.0,246.002,0.0,0.0,71.10400000000001,4.0,33.0876255149752,94.95394459707009,11.0
1052,1,Atypical,touch,Pinguin,61.9167422230606,15028.0,1550,1100,0,-0.821204567829734,3.906,7.797,1.0,0.00510204081632653,-1.1875,-7.18,1.3624999999999998,1.5999999999999996,145.61399999999998,17.0,0.0,0.0,0.041666666666666664,5.679021674422119,18.0,146.9875,17.0,33.1655,0.0,17.0,55.065940584902386,33.47984880766462,18.0
1052,1,Atypical,touch,Schmetterling,59.3233788320724,30370.0,3871,3541,1,1.2765942062375446,4.43,7.85,0.3333333333333333,0.002136752136752137,-2.312,-7.945,1.411,-0.47500000000000053,158.62099999999998,17.0,4.65,2.465,0.75,5.691326469022061,17.0,179.6365,16.0,10.327499999999999,28.194,4.0,82.81711961061038,45.56419321270815,20.0
1052,1,Atypical,touch,Seeloewe,-23.9244749764731,-11518.0,2320,2310,0,-0.1252523679022008,4.348,7.875,0.05263157894736842,0.0005339028296849973,-5.105,-9.414,-2.9530000000000003,-0.4339999999999993,149.56099999999998,17.0,3.7669999999999995,3.7669999999999995,1.0,0.17601902325040447,20.0,221.144,0.0,0.0,42.194,21.0,46.43150387400727,85.84442051756527,20.0
1052,1,Atypical,touch,Wal,72.9818677660536,45254.5,2303,2173,0,-0.1406175463421593,4.02,7.723,0.125,0.0005310674455655868,-4.82,-9.46,-3.5730000000000004,-0.5150000000000006,146.208,17.0,3.4582999999999995,3.4582999999999995,1.0,0.30788095004842325,22.0,217.32299999999998,0.0,0.0600000000000005,42.3699,21.0,39.597979746446654,83.76453221196577,20.0
1053,0,Typical,touch,Hai,-152.656365538485,27315.0,1240,790,1,-0.7206417869842368,3.463,7.656,0.5,0.0010214504596527069,-1.455,-8.75,6.6850000000000005,1.0549999999999997,146.10299999999998,17.0,0.0,0.0,0.041666666666666664,3.5044191848582944,19.0,170.33700000000002,18.0,66.883,0.0,19.0,115.92960434836164,32.52035186190416,19.0
1053,1,Typical,touch,Alligator,70.3189021173632,41118.0,870,590,1,-1.5864957884368402,4.45,7.72,1.0,0.0001318217769575534,-1.651,-11.46,3.199,-1.7800000000000011,145.1859,16.0,5.68,2.790000000000001,0.7916666666666666,2.046305650511986,22.0,255.92399999999998,4.0,14.643,48.59700000000001,18.0,75.12180909347863,53.99820243997104,18.0
1053,1,Typical,touch,Chamaeleon,31.0297171885283,11308.5,2050,1700,1,1.1748764324120033,5.184,7.64,0.14285714285714285,0.00013747594171020073,-3.97,-11.42,-2.133,-3.9699999999999998,151.466,17.0,3.0470000000000015,2.112000000000001,1.0,0.32327882020439247,22.0,270.342,7.0,0.0,82.36999999999999,22.0,37.45162754661942,87.97747993854695,5.0
1053,1,Typical,touch,Falke,-41.4273289944874,-17457.5,1060,980,1,-1.141868057961179,4.1,7.598,1.0,0.005917159763313609,-1.225,-7.05,6.791,5.500000000000001,140.834,17.0,0.0,0.0,0.041666666666666664,6.282913899443543,17.0,142.54299999999998,17.0,169.77300000000002,0.0,17.0,155.26518118772736,52.5185607843192,18.0
1053,1,Typical,touch,Goldfisch,-78.322540652231,-55472.0,1600,1100,1,0.12181075496964773,2.568,7.555,1.0,0.001451378809869376,-0.4539,-8.414,6.0731,3.2859999999999996,137.4658,17.0,0.3800000000000008,0.0,0.08333333333333333,5.254619675872444,18.0,162.2903,18.0,83.28269999999999,0.3800000000000008,19.0,130.99429335067194,65.66149375924455,19.0
1053,1,Typical,touch,Hund,78.9358706092995,48961.0,1480,1420,0,-0.15900675901498046,4.71,7.824,0.07142857142857142,0.0003957261574990107,-4.895,-9.766,1.2930000000000001,-0.8559999999999999,145.851,16.0,0.9599999999999991,0.9599999999999991,0.75,0.2733185827431956,19.0,224.609,0.0,16.677,5.531000000000001,16.0,60.38654795132443,41.35746029182099,16.0
1053,1,Typical,touch,Kaninchen,40.6605456984622,11618.0,1100,670,0,-1.048262219966303,5.434,7.836,0.07142857142857142,0.0005599104143337066,-4.344,-9.39,0.8319999999999999,2.51,142.117,16.0,0.0,0.0,0.041666666666666664,0.22004211053077194,22.0,223.166,0.0,67.84799999999998,0.0,0.0,66.49600405715856,42.205436002072055,1.0
1053,1,Typical,touch,Katze,-29.5203207886355,-7717.0,2040,1550,1,1.1514749729132843,5.355,7.812,0.1111111111111111,0.0004655493482309125,-4.63,-9.59,-0.06400000000000006,2.75,149.12400000000002,17.0,0.0,0.0,1.0,0.27924582434778517,22.0,223.119,0.0,61.901999999999994,0.06400000000000006,15.0,64.76828807422034,43.08931947855524,1.0
1053,1,Typical,touch,Klapperschlange,-37.9167992627228,-14937.5,1960,1820,0,0.9642632969235323,4.68,7.582,0.14285714285714285,9.127418765972983e-05,-4.254,-12.266,1.883,-0.5960000000000001,159.38500000000002,17.0,6.5600000000000005,1.8800000000000008,0.7916666666666666,0.3341395210556347,22.0,272.101,17.0,8.696000000000002,39.196,19.0,57.67892111225579,46.71186066420429,19.0
1053,1,Typical,touch,Lachs,-27.2782868177144,-9674.5,1200,1110,0,-0.8142476249791128,3.541,7.77,1.0,0.0009478672985781991,-1.035,-8.805,10.285,1.1550000000000011,144.0922,18.0,0.0,0.0,0.041666666666666664,6.089705803380613,17.0,161.35778,17.0,101.29222,0.0,18.0,183.51630680482114,40.1096654152545,18.0
1053,1,Typical,touch,Loewe,125.077113372005,82477.0,1640,1550,1,0.21541659296452378,5.51,7.688,0.05,0.0002795638803466592,-5.027,-10.305,0.21499999999999986,-1.2889999999999997,152.458,17.0,2.63,2.63,0.9166666666666666,0.19016061941084472,20.0,230.844,0.0,0.8309999999999995,34.827,20.0,64.0926005884869,40.3879506035535,20.0
1053,1,Typical,touch,Pferd,-42.5905223933527,-24080.0,1540,1060,0,-0.01859800202266636,4.496,7.67,0.022727272727272728,0.0003792188092529389,-6.055,-9.88,-0.12099999999999955,-2.243000000000001,147.17399999999998,17.0,3.4650000000000007,2.479000000000001,1.0,0.11968439300255372,20.0,227.091,0.0,0.3200000000000003,35.980000000000004,4.0,48.46719800578261,39.341101111093735,20.0
1053,1,Typical,touch,Spatz,-95.9089148521653,-31007.0,1541,1021,1,-0.01625785607279446,4.57,7.566,1.0,0.0055248618784530384,-1.347,-7.027,8.363000000000001,2.9330000000000007,144.0912,17.0,0.0,0.0,0.041666666666666664,6.366632781654495,17.0,141.23298,17.0,117.94501999999999,0.0,17.0,126.0473080182301,32.63877843707358,18.0
1053,1,Atypical,touch,Aal,141.812349207997,105921.0,1300,1220,2,-0.5802330299919227,4.24,7.477,1.0,0.0019011406844106464,-1.614,-8.125,5.753,3.359,144.142,17.0,0.0,0.0,0.041666666666666664,5.350612693200015,18.0,165.81730000000002,18.0,117.51970000000001,0.0,19.0,143.91418385457848,60.76871534313391,19.0
1053,1,Atypical,touch,Fledermaus,98.506811791499,65289.0,2700,2620,1,2.6959712998287393,4.906,7.652,0.0018656716417910447,0.00028538812785388126,-8.734,-10.266,-5.031000000000001,-2.3259999999999996,165.516,16.0,0.0,0.0,1.0,0.013391970707803893,20.0,246.002,0.0,0.0,71.10400000000001,4.0,33.0876255149752,94.95394459707009,11.0
1053,1,Atypical,touch,Pinguin,-23.8097262409047,-8569.5,1380,1190,0,-0.3930213540021706,3.906,7.797,1.0,0.00510204081632653,-1.1875,-7.18,1.3624999999999998,1.5999999999999996,145.61399999999998,17.0,0.0,0.0,0.041666666666666664,5.679021674422119,18.0,146.9875,17.0,33.1655,0.0,17.0,55.065940584902386,33.47984880766462,18.0
1053,1,Atypical,touch,Schmetterling,-63.8940365534311,-40043.5,1350,1060,1,-0.46322573249832766,4.43,7.85,0.3333333333333333,0.002136752136752137,-2.312,-7.945,1.411,-0.47500000000000053,158.62099999999998,17.0,4.65,2.465,0.75,5.691326469022061,17.0,179.6365,16.0,10.327499999999999,28.194,4.0,82.81711961061038,45.56419321270815,20.0
1053,1,Atypical,touch,Seeloewe,-185.768508584056,3951.5,1710,1700,2,0.37922680945555687,4.348,7.875,0.05263157894736842,0.0005339028296849973,-5.105,-9.414,-2.9530000000000003,-0.4339999999999993,149.56099999999998,17.0,3.7669999999999995,3.7669999999999995,1.0,0.17601902325040447,20.0,221.144,0.0,0.0,42.194,21.0,46.43150387400727,85.84442051756527,20.0
1053,1,Atypical,touch,Wal,82.3240141778377,38643.0,1650,1620,0,0.2388180524632428,4.02,7.723,0.125,0.0005310674455655868,-4.82,-9.46,-3.5730000000000004,-0.5150000000000006,146.208,17.0,3.4582999999999995,3.4582999999999995,1.0,0.30788095004842325,22.0,217.32299999999998,0.0,0.0600000000000005,42.3699,21.0,39.597979746446654,83.76453221196577,20.0
1054,1,Typical,touch,Alligator,489.02440778764,208686.0,1460,1300,1,-0.02961482114226563,4.45,7.72,1.0,0.0001318217769575534,-1.651,-11.46,3.199,-1.7800000000000011,145.1859,16.0,5.68,2.790000000000001,0.7916666666666666,2.046305650511986,22.0,255.92399999999998,4.0,14.643,48.59700000000001,18.0,75.12180909347863,53.99820243997104,18.0
1054,1,Typical,touch,Chamaeleon,72.3805699006617,38831.0,1411,1021,0,-0.0958922213428651,5.184,7.64,0.14285714285714285,0.00013747594171020073,-3.97,-11.42,-2.133,-3.9699999999999998,151.466,17.0,3.0470000000000015,2.112000000000001,1.0,0.32327882020439247,22.0,270.342,7.0,0.0,82.36999999999999,22.0,37.45162754661942,87.97747993854695,5.0
1054,1,Typical,touch,Falke,119.852425911851,69979.5,1320,860,0,-0.21897882171540695,4.1,7.598,1.0,0.005917159763313609,-1.225,-7.05,6.791,5.500000000000001,140.834,17.0,0.0,0.0,0.041666666666666664,6.282913899443543,17.0,142.54299999999998,17.0,169.77300000000002,0.0,17.0,155.26518118772736,52.5185607843192,18.0
1054,1,Typical,touch,Goldfisch,-79.6872256995574,-37576.5,960,740,0,-0.705914823189199,2.568,7.555,1.0,0.001451378809869376,-0.4539,-8.414,6.0731,3.2859999999999996,137.4658,17.0,0.3800000000000008,0.0,0.08333333333333333,5.254619675872444,18.0,162.2903,18.0,83.28269999999999,0.3800000000000008,19.0,130.99429335067194,65.66149375924455,19.0
1054,1,Typical,touch,Hai,41.8733416760107,21185.0,1340,1230,1,-0.19192682163352962,3.463,7.656,0.5,0.0010214504596527069,-1.455,-8.75,6.6850000000000005,1.0549999999999997,146.10299999999998,17.0,0.0,0.0,0.041666666666666664,3.5044191848582944,19.0,170.33700000000002,18.0,66.883,0.0,19.0,115.92960434836164,32.52035186190416,19.0
1054,1,Typical,touch,Hund,74.8651830454594,45234.5,1030,990,0,-0.6112328229026283,4.71,7.824,0.07142857142857142,0.0003957261574990107,-4.895,-9.766,1.2930000000000001,-0.8559999999999999,145.851,16.0,0.9599999999999991,0.9599999999999991,0.75,0.2733185827431956,19.0,224.609,0.0,16.677,5.531000000000001,16.0,60.38654795132443,41.35746029182099,16.0
1054,1,Typical,touch,Kaninchen,-85.0728882896277,-51384.5,1091,781,0,-0.5287242226529024,5.434,7.836,0.07142857142857142,0.0005599104143337066,-4.344,-9.39,0.8319999999999999,2.51,142.117,16.0,0.0,0.0,0.041666666666666664,0.22004211053077194,22.0,223.166,0.0,67.84799999999998,0.0,0.0,66.49600405715856,42.205436002072055,1.0
1054,1,Typical,touch,Katze,29.9970174633587,8160.5,743,653,0,-0.999429024077568,5.355,7.812,0.1111111111111111,0.0004655493482309125,-4.63,-9.59,-0.06400000000000006,2.75,149.12400000000002,17.0,0.0,0.0,1.0,0.27924582434778517,22.0,223.119,0.0,61.901999999999994,0.06400000000000006,15.0,64.76828807422034,43.08931947855524,1.0
1054,1,Typical,touch,Klapperschlange,17.4771682036657,7896.0,3140,3060,1,2.24275318573543,4.68,7.582,0.14285714285714285,9.127418765972983e-05,-4.254,-12.266,1.883,-0.5960000000000001,159.38500000000002,17.0,6.5600000000000005,1.8800000000000008,0.7916666666666666,0.3341395210556347,22.0,272.101,17.0,8.696000000000002,39.196,19.0,57.67892111225579,46.71186066420429,19.0
1054,1,Typical,touch,Lachs,57.9053465237973,26035.5,1180,980,0,-0.4083428222885483,3.541,7.77,1.0,0.0009478672985781991,-1.035,-8.805,10.285,1.1550000000000011,144.0922,18.0,0.0,0.0,0.041666666666666664,6.089705803380613,17.0,161.35778,17.0,101.29222,0.0,18.0,183.51630680482114,40.1096654152545,18.0
1054,1,Typical,touch,Loewe,75.1560075808753,40468.5,1181,781,0,-0.4069902222844544,5.51,7.688,0.05,0.0002795638803466592,-5.027,-10.305,0.21499999999999986,-1.2889999999999997,152.458,17.0,2.63,2.63,0.9166666666666666,0.19016061941084472,20.0,230.844,0.0,0.8309999999999995,34.827,20.0,64.0926005884869,40.3879506035535,20.0
1054,1,Typical,touch,Pferd,-58.9446353690331,-27319.5,1011,781,0,-0.6369322229804117,4.496,7.67,0.022727272727272728,0.0003792188092529389,-6.055,-9.88,-0.12099999999999955,-2.243000000000001,147.17399999999998,17.0,3.4650000000000007,2.479000000000001,1.0,0.11968439300255372,20.0,227.091,0.0,0.3200000000000003,35.980000000000004,4.0,48.46719800578261,39.341101111093735,20.0
1054,1,Typical,touch,Spatz,-35.7410824131646,-6472.0,1070,820,0,-0.5571288227388737,4.57,7.566,1.0,0.0055248618784530384,-1.347,-7.027,8.363000000000001,2.9330000000000007,144.0912,17.0,0.0,0.0,0.041666666666666664,6.366632781654495,17.0,141.23298,17.0,117.94501999999999,0.0,17.0,126.0473080182301,32.63877843707358,18.0
1054,1,Atypical,touch,Aal,29.3625128561152,6423.0,1320,900,0,-0.21897882171540695,4.24,7.477,1.0,0.0019011406844106464,-1.614,-8.125,5.753,3.359,144.142,17.0,0.0,0.0,0.041666666666666664,5.350612693200015,18.0,165.81730000000002,18.0,117.51970000000001,0.0,19.0,143.91418385457848,60.76871534313391,19.0
1054,1,Atypical,touch,Fledermaus,160.877866722583,-8540.5,1520,1150,1,0.051541179103366364,4.906,7.652,0.0018656716417910447,0.00028538812785388126,-8.734,-10.266,-5.031000000000001,-2.3259999999999996,165.516,16.0,0.0,0.0,1.0,0.013391970707803893,20.0,246.002,0.0,0.0,71.10400000000001,4.0,33.0876255149752,94.95394459707009,11.0
1054,1,Atypical,touch,Pinguin,376.154540289775,106111.0,3728,3558,4,3.038081988142624,3.906,7.797,1.0,0.00510204081632653,-1.1875,-7.18,1.3624999999999998,1.5999999999999996,145.61399999999998,17.0,0.0,0.0,0.041666666666666664,5.679021674422119,18.0,146.9875,17.0,33.1655,0.0,17.0,55.065940584902386,33.47984880766462,18.0
1054,1,Atypical,touch,Schmetterling,59.927351843665,36597.0,1430,1100,0,-0.07019282126508163,4.43,7.85,0.3333333333333333,0.002136752136752137,-2.312,-7.945,1.411,-0.47500000000000053,158.62099999999998,17.0,4.65,2.465,0.75,5.691326469022061,17.0,179.6365,16.0,10.327499999999999,28.194,4.0,82.81711961061038,45.56419321270815,20.0
1054,1,Atypical,touch,Seeloewe,45.8727192042332,12521.0,1911,1581,1,0.5804077807040682,4.348,7.875,0.05263157894736842,0.0005339028296849973,-5.105,-9.414,-2.9530000000000003,-0.4339999999999993,149.56099999999998,17.0,3.7669999999999995,3.7669999999999995,1.0,0.17601902325040447,20.0,221.144,0.0,0.0,42.194,21.0,46.43150387400727,85.84442051756527,20.0
1054,1,Atypical,touch,Wal,65.3589289584256,29974.5,1310,1020,1,-0.23250482175634563,4.02,7.723,0.125,0.0005310674455655868,-4.82,-9.46,-3.5730000000000004,-0.5150000000000006,146.208,17.0,3.4582999999999995,3.4582999999999995,1.0,0.30788095004842325,22.0,217.32299999999998,0.0,0.0600000000000005,42.3699,21.0,39.597979746446654,83.76453221196577,20.0
1055,0,Typical,click,Klapperschlange,1227.85051079572,564846.0,3021,2060,2,2.2907832540906856,4.68,7.582,0.14285714285714285,9.127418765972983e-05,-4.254,-12.266,1.883,-0.5960000000000001,159.38500000000002,17.0,6.5600000000000005,1.8800000000000008,0.7916666666666666,0.3341395210556347,22.0,272.101,17.0,8.696000000000002,39.196,19.0,57.67892111225579,46.71186066420429,19.0
1055,1,Typical,click,Alligator,-77.30601213486,-32840.5,1869,1140,2,-0.42524858955467115,4.45,7.72,1.0,0.0001318217769575534,-1.651,-11.46,3.199,-1.7800000000000011,145.1859,16.0,5.68,2.790000000000001,0.7916666666666666,2.046305650511986,22.0,255.92399999999998,4.0,14.643,48.59700000000001,18.0,75.12180909347863,53.99820243997104,18.0
1055,1,Typical,click,Chamaeleon,-95.5157410900686,-58618.5,2197,1580,0,0.348066032594354,5.184,7.64,0.14285714285714285,0.00013747594171020073,-3.97,-11.42,-2.133,-3.9699999999999998,151.466,17.0,3.0470000000000015,2.112000000000001,1.0,0.32327882020439247,22.0,270.342,7.0,0.0,82.36999999999999,22.0,37.45162754661942,87.97747993854695,5.0
1055,1,Typical,click,Falke,-35.8673191571792,-3319.0,1886,1061,0,-0.3851682585286546,4.1,7.598,1.0,0.005917159763313609,-1.225,-7.05,6.791,5.500000000000001,140.834,17.0,0.0,0.0,0.041666666666666664,6.282913899443543,17.0,142.54299999999998,17.0,169.77300000000002,0.0,17.0,155.26518118772736,52.5185607843192,18.0
1055,1,Typical,click,Goldfisch,-77.242636275281,-72906.0,2125,1356,1,0.1783140423665192,2.568,7.555,1.0,0.001451378809869376,-0.4539,-8.414,6.0731,3.2859999999999996,137.4658,17.0,0.3800000000000008,0.0,0.08333333333333333,5.254619675872444,18.0,162.2903,18.0,83.28269999999999,0.3800000000000008,19.0,130.99429335067194,65.66149375924455,19.0
1055,1,Typical,click,Hai,75.2380411530318,60174.0,1854,1221,0,-0.4606135875188034,3.463,7.656,0.5,0.0010214504596527069,-1.455,-8.75,6.6850000000000005,1.0549999999999997,146.10299999999998,17.0,0.0,0.0,0.041666666666666664,3.5044191848582944,19.0,170.33700000000002,18.0,66.883,0.0,19.0,115.92960434836164,32.52035186190416,19.0
1055,1,Typical,click,Hund,-78.7101825826633,-32234.0,1581,869,0,-1.1042565504660102,4.71,7.824,0.07142857142857142,0.0003957261574990107,-4.895,-9.766,1.2930000000000001,-0.8559999999999999,145.851,16.0,0.9599999999999991,0.9599999999999991,0.75,0.2733185827431956,19.0,224.609,0.0,16.677,5.531000000000001,16.0,60.38654795132443,41.35746029182099,16.0
1055,1,Typical,click,Kaninchen,172.8334040303,64930.5,1926,1021,1,-0.2908615972909686,5.434,7.836,0.07142857142857142,0.0005599104143337066,-4.344,-9.39,0.8319999999999999,2.51,142.117,16.0,0.0,0.0,0.041666666666666664,0.22004211053077194,22.0,223.166,0.0,67.84799999999998,0.0,0.0,66.49600405715856,42.205436002072055,1.0
1055,1,Typical,click,Katze,-90.8040037869372,-38828.0,1661,860,1,-0.9156432279906384,5.355,7.812,0.1111111111111111,0.0004655493482309125,-4.63,-9.59,-0.06400000000000006,2.75,149.12400000000002,17.0,0.0,0.0,1.0,0.27924582434778517,22.0,223.119,0.0,61.901999999999994,0.06400000000000006,15.0,64.76828807422034,43.08931947855524,1.0
1055,1,Typical,click,Lachs,475.616527296697,304565.0,1677,980,1,-0.8779205634955639,3.541,7.77,1.0,0.0009478672985781991,-1.035,-8.805,10.285,1.1550000000000011,144.0922,18.0,0.0,0.0,0.041666666666666664,6.089705803380613,17.0,161.35778,17.0,101.29222,0.0,18.0,183.51630680482114,40.1096654152545,18.0
1055,1,Typical,click,Loewe,33.5687796589918,5902.0,1502,950,0,-1.2905122064104402,5.51,7.688,0.05,0.0002795638803466592,-5.027,-10.305,0.21499999999999986,-1.2889999999999997,152.458,17.0,2.63,2.63,0.9166666666666666,0.19016061941084472,20.0,230.844,0.0,0.8309999999999995,34.827,20.0,64.0926005884869,40.3879506035535,20.0
1055,1,Typical,click,Pferd,46.6568160007992,-8227.5,1485,820,1,-1.3305925374364567,4.496,7.67,0.022727272727272728,0.0003792188092529389,-6.055,-9.88,-0.12099999999999955,-2.243000000000001,147.17399999999998,17.0,3.4650000000000007,2.479000000000001,1.0,0.11968439300255372,20.0,227.091,0.0,0.3200000000000003,35.980000000000004,4.0,48.46719800578261,39.341101111093735,20.0
1055,1,Typical,click,Spatz,175.789816142629,73756.5,1870,1301,1,-0.422890923023729,4.57,7.566,1.0,0.0055248618784530384,-1.347,-7.027,8.363000000000001,2.9330000000000007,144.0912,17.0,0.0,0.0,0.041666666666666664,6.366632781654495,17.0,141.23298,17.0,117.94501999999999,0.0,17.0,126.0473080182301,32.63877843707358,18.0
1055,1,Atypical,click,Aal,153.588764701963,63999.5,2293,1300,1,0.5744020195648004,4.24,7.477,1.0,0.0019011406844106464,-1.614,-8.125,5.753,3.359,144.142,17.0,0.0,0.0,0.041666666666666664,5.350612693200015,18.0,165.81730000000002,18.0,117.51970000000001,0.0,19.0,143.91418385457848,60.76871534313391,19.0
1055,1,Atypical,click,Fledermaus,71.6409002446492,25966.5,2343,1270,3,0.6922853461119078,4.906,7.652,0.0018656716417910447,0.00028538812785388126,-8.734,-10.266,-5.031000000000001,-2.3259999999999996,165.516,16.0,0.0,0.0,1.0,0.013391970707803893,20.0,246.002,0.0,0.0,71.10400000000001,4.0,33.0876255149752,94.95394459707009,11.0
1055,1,Atypical,click,Pinguin,67.3793152735517,-370.0,2679,1500,4,1.4844613005084701,3.906,7.797,1.0,0.00510204081632653,-1.1875,-7.18,1.3624999999999998,1.5999999999999996,145.61399999999998,17.0,0.0,0.0,0.041666666666666664,5.679021674422119,18.0,146.9875,17.0,33.1655,0.0,17.0,55.065940584902386,33.47984880766462,18.0
1055,1,Atypical,click,Schmetterling,774.717778289762,429231.5,1933,1340,2,-0.27435793157437355,4.43,7.85,0.3333333333333333,0.002136752136752137,-2.312,-7.945,1.411,-0.47500000000000053,158.62099999999998,17.0,4.65,2.465,0.75,5.691326469022061,17.0,179.6365,16.0,10.327499999999999,28.194,4.0,82.81711961061038,45.56419321270815,20.0
1055,1,Atypical,click,Seeloewe,634.213577544524,418435.0,2525,1700,1,1.1213806547433791,4.348,7.875,0.05263157894736842,0.0005339028296849973,-5.105,-9.414,-2.9530000000000003,-0.4339999999999993,149.56099999999998,17.0,3.7669999999999995,3.7669999999999995,1.0,0.17601902325040447,20.0,221.144,0.0,0.0,42.194,21.0,46.43150387400727,85.84442051756527,20.0
1055,1,Atypical,click,Wal,-76.5799678944404,-41909.0,2511,1070,1,1.088373323310189,4.02,7.723,0.125,0.0005310674455655868,-4.82,-9.46,-3.5730000000000004,-0.5150000000000006,146.208,17.0,3.4582999999999995,3.4582999999999995,1.0,0.30788095004842325,22.0,217.32299999999998,0.0,0.0600000000000005,42.3699,21.0,39.597979746446654,83.76453221196577,20.0
1056,1,Typical,touch,Alligator,-55.4476465015838,-8876.5,3765,1685,2,0.2240998307482598,4.45,7.72,1.0,0.0001318217769575534,-1.651,-11.46,3.199,-1.7800000000000011,145.1859,16.0,5.68,2.790000000000001,0.7916666666666666,2.046305650511986,22.0,255.92399999999998,4.0,14.643,48.59700000000001,18.0,75.12180909347863,53.99820243997104,18.0
1056,1,Typical,touch,Chamaeleon,-76.300618303655,-39756.0,4106,3766,0,0.38537305116567344,5.184,7.64,0.14285714285714285,0.00013747594171020073,-3.97,-11.42,-2.133,-3.9699999999999998,151.466,17.0,3.0470000000000015,2.112000000000001,1.0,0.32327882020439247,22.0,270.342,7.0,0.0,82.36999999999999,22.0,37.45162754661942,87.97747993854695,5.0
1056,1,Typical,touch,Falke,-41.9678568869401,-13954.0,1790,1141,0,-0.7099606100857342,4.1,7.598,1.0,0.005917159763313609,-1.225,-7.05,6.791,5.500000000000001,140.834,17.0,0.0,0.0,0.041666666666666664,6.282913899443543,17.0,142.54299999999998,17.0,169.77300000000002,0.0,17.0,155.26518118772736,52.5185607843192,18.0
1056,1,Typical,touch,Goldfisch,-44.8270064757093,2646.0,5792,5462,2,1.182753255340921,2.568,7.555,1.0,0.001451378809869376,-0.4539,-8.414,6.0731,3.2859999999999996,137.4658,17.0,0.3800000000000008,0.0,0.08333333333333333,5.254619675872444,18.0,162.2903,18.0,83.28269999999999,0.3800000000000008,19.0,130.99429335067194,65.66149375924455,19.0
1056,1,Typical,touch,Hai,-26.1718380670787,-4145.5,2550,1900,0,-0.35052469361290617,3.463,7.656,0.5,0.0010214504596527069,-1.455,-8.75,6.6850000000000005,1.0549999999999997,146.10299999999998,17.0,0.0,0.0,0.041666666666666664,3.5044191848582944,19.0,170.33700000000002,18.0,66.883,0.0,19.0,115.92960434836164,32.52035186190416,19.0
1056,1,Typical,touch,Hund,-106.930743142158,-39431.5,1014,764,0,-1.076963598484306,4.71,7.824,0.07142857142857142,0.0003957261574990107,-4.895,-9.766,1.2930000000000001,-0.8559999999999999,145.851,16.0,0.9599999999999991,0.9599999999999991,0.75,0.2733185827431956,19.0,224.609,0.0,16.677,5.531000000000001,16.0,60.38654795132443,41.35746029182099,16.0
1056,1,Typical,touch,Kaninchen,-58.1973304658748,-30818.0,1170,860,0,-1.0031846472083046,5.434,7.836,0.07142857142857142,0.0005599104143337066,-4.344,-9.39,0.8319999999999999,2.51,142.117,16.0,0.0,0.0,0.041666666666666664,0.22004211053077194,22.0,223.166,0.0,67.84799999999998,0.0,0.0,66.49600405715856,42.205436002072055,1.0
1056,1,Typical,touch,Katze,-122.79865076393,-60372.5,1070,830,0,-1.050478846744203,5.355,7.812,0.1111111111111111,0.0004655493482309125,-4.63,-9.59,-0.06400000000000006,2.75,149.12400000000002,17.0,0.0,0.0,1.0,0.27924582434778517,22.0,223.119,0.0,61.901999999999994,0.06400000000000006,15.0,64.76828807422034,43.08931947855524,1.0
1056,1,Typical,touch,Klapperschlange,37.0942697661231,601.5,5440,5190,1,1.0162776729745584,4.68,7.582,0.14285714285714285,9.127418765972983e-05,-4.254,-12.266,1.883,-0.5960000000000001,159.38500000000002,17.0,6.5600000000000005,1.8800000000000008,0.7916666666666666,0.3341395210556347,22.0,272.101,17.0,8.696000000000002,39.196,19.0,57.67892111225579,46.71186066420429,19.0
1056,1,Typical,touch,Lachs,37.3451906164375,-6223.0,2660,2100,0,-0.29850107412341786,3.541,7.77,1.0,0.0009478672985781991,-1.035,-8.805,10.285,1.1550000000000011,144.0922,18.0,0.0,0.0,0.041666666666666664,6.089705803380613,17.0,161.35778,17.0,101.29222,0.0,18.0,183.51630680482114,40.1096654152545,18.0
1056,1,Typical,touch,Loewe,248.04634457101,89508.5,1900,1500,1,-0.6579369905962459,5.51,7.688,0.05,0.0002795638803466592,-5.027,-10.305,0.21499999999999986,-1.2889999999999997,152.458,17.0,2.63,2.63,0.9166666666666666,0.19016061941084472,20.0,230.844,0.0,0.8309999999999995,34.827,20.0,64.0926005884869,40.3879506035535,20.0
1056,1,Typical,touch,Pferd,-62.4670424434462,-36800.5,2031,1541,1,-0.595981589204219,4.496,7.67,0.022727272727272728,0.0003792188092529389,-6.055,-9.88,-0.12099999999999955,-2.243000000000001,147.17399999999998,17.0,3.4650000000000007,2.479000000000001,1.0,0.11968439300255372,20.0,227.091,0.0,0.3200000000000003,35.980000000000004,4.0,48.46719800578261,39.341101111093735,20.0
1056,1,Typical,touch,Spatz,-93.1949668574757,-46276.0,1921,1261,0,-0.6480052086937073,4.57,7.566,1.0,0.0055248618784530384,-1.347,-7.027,8.363000000000001,2.9330000000000007,144.0912,17.0,0.0,0.0,0.041666666666666664,6.366632781654495,17.0,141.23298,17.0,117.94501999999999,0.0,17.0,126.0473080182301,32.63877843707358,18.0
1056,1,Atypical,touch,Aal,73.5207836294993,19032.5,8124,7934,2,2.2856539885180727,4.24,7.477,1.0,0.0019011406844106464,-1.614,-8.125,5.753,3.359,144.142,17.0,0.0,0.0,0.041666666666666664,5.350612693200015,18.0,165.81730000000002,18.0,117.51970000000001,0.0,19.0,143.91418385457848,60.76871534313391,19.0
1056,1,Atypical,touch,Fledermaus,-195.781096922698,-102096.0,2886,2436,2,-0.19161618317228743,4.906,7.652,0.0018656716417910447,0.00028538812785388126,-8.734,-10.266,-5.031000000000001,-2.3259999999999996,165.516,16.0,0.0,0.0,1.0,0.013391970707803893,20.0,246.002,0.0,0.0,71.10400000000001,4.0,33.0876255149752,94.95394459707009,11.0
1056,1,Atypical,touch,Pinguin,64.1854421761926,-1730.5,7851,7581,2,2.15654082378507,3.906,7.797,1.0,0.00510204081632653,-1.1875,-7.18,1.3624999999999998,1.5999999999999996,145.61399999999998,17.0,0.0,0.0,0.041666666666666664,5.679021674422119,18.0,146.9875,17.0,33.1655,0.0,17.0,55.065940584902386,33.47984880766462,18.0
1056,1,Atypical,touch,Schmetterling,-73.9944934234412,-46678.5,2752,2092,1,-0.2549904105503913,4.43,7.85,0.3333333333333333,0.002136752136752137,-2.312,-7.945,1.411,-0.47500000000000053,158.62099999999998,17.0,4.65,2.465,0.75,5.691326469022061,17.0,179.6365,16.0,10.327499999999999,28.194,4.0,82.81711961061038,45.56419321270815,20.0
1056,1,Atypical,touch,Seeloewe,52.0777644269532,42911.5,2350,1700,1,-0.445113092684703,4.348,7.875,0.05263157894736842,0.0005339028296849973,-5.105,-9.414,-2.9530000000000003,-0.4339999999999993,149.56099999999998,17.0,3.7669999999999995,3.7669999999999995,1.0,0.17601902325040447,20.0,221.144,0.0,0.0,42.194,21.0,46.43150387400727,85.84442051756527,20.0
1056,1,Atypical,touch,Wal,-30.8623283789332,-10632.5,3360,2780,2,0.03255832262787114,4.02,7.723,0.125,0.0005310674455655868,-4.82,-9.46,-3.5730000000000004,-0.5150000000000006,146.208,17.0,3.4582999999999995,3.4582999999999995,1.0,0.30788095004842325,22.0,217.32299999999998,0.0,0.0600000000000005,42.3699,21.0,39.597979746446654,83.76453221196577,20.0
1057,1,Typical,touch,Alligator,151.064785711476,54314.0,1284,1204,2,-0.40859241502224936,4.45,7.72,1.0,0.0001318217769575534,-1.651,-11.46,3.199,-1.7800000000000011,145.1859,16.0,5.68,2.790000000000001,0.7916666666666666,2.046305650511986,22.0,255.92399999999998,4.0,14.643,48.59700000000001,18.0,75.12180909347863,53.99820243997104,18.0
1057,1,Typical,touch,Chamaeleon,47.4228815943185,15968.5,2229,1830,0,1.2348387703999022,5.184,7.64,0.14285714285714285,0.00013747594171020073,-3.97,-11.42,-2.133,-3.9699999999999998,151.466,17.0,3.0470000000000015,2.112000000000001,1.0,0.32327882020439247,22.0,270.342,7.0,0.0,82.36999999999999,22.0,37.45162754661942,87.97747993854695,5.0
1057,1,Typical,touch,Falke,193.661497092268,4444.0,1500,1380,3,-0.032951001211471855,4.1,7.598,1.0,0.005917159763313609,-1.225,-7.05,6.791,5.500000000000001,140.834,17.0,0.0,0.0,0.041666666666666664,6.282913899443543,17.0,142.54299999999998,17.0,169.77300000000002,0.0,17.0,155.26518118772736,52.5185607843192,18.0
1057,1,Typical,touch,Goldfisch,-36.0028745045675,-20265.0,927,677,0,-1.0294441961817289,2.568,7.555,1.0,0.001451378809869376,-0.4539,-8.414,6.0731,3.2859999999999996,137.4658,17.0,0.3800000000000008,0.0,0.08333333333333333,5.254619675872444,18.0,162.2903,18.0,83.28269999999999,0.3800000000000008,19.0,130.99429335067194,65.66149375924455,19.0
1057,1,Typical,touch,Hai,363.055745897834,175568.5,2550,2420,4,1.7930836492575855,3.463,7.656,0.5,0.0010214504596527069,-1.455,-8.75,6.6850000000000005,1.0549999999999997,146.10299999999998,17.0,0.0,0.0,0.041666666666666664,3.5044191848582944,19.0,170.33700000000002,18.0,66.883,0.0,19.0,115.92960434836164,32.52035186190416,19.0
1057,1,Typical,touch,Hund,102.743234787002,56858.0,1228,1108,1,-0.5059809297139324,4.71,7.824,0.07142857142857142,0.0003957261574990107,-4.895,-9.766,1.2930000000000001,-0.8559999999999999,145.851,16.0,0.9599999999999991,0.9599999999999991,0.75,0.2733185827431956,19.0,224.609,0.0,16.677,5.531000000000001,16.0,60.38654795132443,41.35746029182099,16.0
1057,1,Typical,touch,Kaninchen,120.084338101956,75168.5,1110,740,1,-0.7111924428142646,5.434,7.836,0.07142857142857142,0.0005599104143337066,-4.344,-9.39,0.8319999999999999,2.51,142.117,16.0,0.0,0.0,0.041666666666666664,0.22004211053077194,22.0,223.166,0.0,67.84799999999998,0.0,0.0,66.49600405715856,42.205436002072055,1.0
1057,1,Typical,touch,Katze,-28.7158636579488,-2269.5,930,710,0,-1.0242269543232458,5.355,7.812,0.1111111111111111,0.0004655493482309125,-4.63,-9.59,-0.06400000000000006,2.75,149.12400000000002,17.0,0.0,0.0,1.0,0.27924582434778517,22.0,223.119,0.0,61.901999999999994,0.06400000000000006,15.0,64.76828807422034,43.08931947855524,1.0
1057,1,Typical,touch,Klapperschlange,-85.1898363546888,-17533.0,1119,949,1,-0.6955407172388155,4.68,7.582,0.14285714285714285,9.127418765972983e-05,-4.254,-12.266,1.883,-0.5960000000000001,159.38500000000002,17.0,6.5600000000000005,1.8800000000000008,0.7916666666666666,0.3341395210556347,22.0,272.101,17.0,8.696000000000002,39.196,19.0,57.67892111225579,46.71186066420429,19.0
1057,1,Typical,touch,Lachs,650.662664808506,286599.0,2020,1260,1,0.8713709209255851,3.541,7.77,1.0,0.0009478672985781991,-1.035,-8.805,10.285,1.1550000000000011,144.0922,18.0,0.0,0.0,0.041666666666666664,6.089705803380613,17.0,161.35778,17.0,101.29222,0.0,18.0,183.51630680482114,40.1096654152545,18.0
1057,1,Typical,touch,Loewe,60.9196609730182,33274.0,940,740,1,-1.0068361481283024,5.51,7.688,0.05,0.0002795638803466592,-5.027,-10.305,0.21499999999999986,-1.2889999999999997,152.458,17.0,2.63,2.63,0.9166666666666666,0.19016061941084472,20.0,230.844,0.0,0.8309999999999995,34.827,20.0,64.0926005884869,40.3879506035535,20.0
1057,1,Typical,touch,Pferd,71.912466694477,42436.5,990,820,0,-0.9198821171535855,4.496,7.67,0.022727272727272728,0.0003792188092529389,-6.055,-9.88,-0.12099999999999955,-2.243000000000001,147.17399999999998,17.0,3.4650000000000007,2.479000000000001,1.0,0.11968439300255372,20.0,227.091,0.0,0.3200000000000003,35.980000000000004,4.0,48.46719800578261,39.341101111093735,20.0
1057,1,Typical,touch,Spatz,101.586678087192,56876.5,1878,1228,2,0.6244214729573888,4.57,7.566,1.0,0.0055248618784530384,-1.347,-7.027,8.363000000000001,2.9330000000000007,144.0912,17.0,0.0,0.0,0.041666666666666664,6.366632781654495,17.0,141.23298,17.0,117.94501999999999,0.0,17.0,126.0473080182301,32.63877843707358,18.0
1057,1,Atypical,touch,Aal,59.6976803745315,23807.0,1144,934,0,-0.652063701751457,4.24,7.477,1.0,0.0019011406844106464,-1.614,-8.125,5.753,3.359,144.142,17.0,0.0,0.0,0.041666666666666664,5.350612693200015,18.0,165.81730000000002,18.0,117.51970000000001,0.0,19.0,143.91418385457848,60.76871534313391,19.0
1057,1,Atypical,touch,Fledermaus,83.0418418226714,40898.5,1680,990,2,0.2800835102975094,4.906,7.652,0.0018656716417910447,0.00028538812785388126,-8.734,-10.266,-5.031000000000001,-2.3259999999999996,165.516,16.0,0.0,0.0,1.0,0.013391970707803893,20.0,246.002,0.0,0.0,71.10400000000001,4.0,33.0876255149752,94.95394459707009,11.0
1057,1,Atypical,touch,Pinguin,222.763040538616,104811.5,1640,1420,1,0.2105202855177358,3.906,7.797,1.0,0.00510204081632653,-1.1875,-7.18,1.3624999999999998,1.5999999999999996,145.61399999999998,17.0,0.0,0.0,0.041666666666666664,5.679021674422119,18.0,146.9875,17.0,33.1655,0.0,17.0,55.065940584902386,33.47984880766462,18.0
1057,1,Atypical,touch,Schmetterling,51.0883185214802,9272.0,1140,940,0,-0.6590200242294344,4.43,7.85,0.3333333333333333,0.002136752136752137,-2.312,-7.945,1.411,-0.47500000000000053,158.62099999999998,17.0,4.65,2.465,0.75,5.691326469022061,17.0,179.6365,16.0,10.327499999999999,28.194,4.0,82.81711961061038,45.56419321270815,20.0
1057,1,Atypical,touch,Seeloewe,289.051368981054,149428.5,2890,2020,4,2.384371059885661,4.348,7.875,0.05263157894736842,0.0005339028296849973,-5.105,-9.414,-2.9530000000000003,-0.4339999999999993,149.56099999999998,17.0,3.7669999999999995,3.7669999999999995,1.0,0.17601902325040447,20.0,221.144,0.0,0.0,42.194,21.0,46.43150387400727,85.84442051756527,20.0
1057,1,Atypical,touch,Wal,491.027947112385,197566.0,1661,550,1,0.24704097852711693,4.02,7.723,0.125,0.0005310674455655868,-4.82,-9.46,-3.5730000000000004,-0.5150000000000006,146.208,17.0,3.4582999999999995,3.4582999999999995,1.0,0.30788095004842325,22.0,217.32299999999998,0.0,0.0600000000000005,42.3699,21.0,39.597979746446654,83.76453221196577,20.0
1058,0,Atypical,touch,Fledermaus,401.866927738014,192087.5,10489,10389,8,2.0866842349381156,4.906,7.652,0.0018656716417910447,0.00028538812785388126,-8.734,-10.266,-5.031000000000001,-2.3259999999999996,165.516,16.0,0.0,0.0,1.0,0.013391970707803893,20.0,246.002,0.0,0.0,71.10400000000001,4.0,33.0876255149752,94.95394459707009,11.0
1058,1,Typical,touch,Alligator,280.186616745452,178777.5,2570,2020,1,-0.44137390627084977,4.45,7.72,1.0,0.0001318217769575534,-1.651,-11.46,3.199,-1.7800000000000011,145.1859,16.0,5.68,2.790000000000001,0.7916666666666666,2.046305650511986,22.0,255.92399999999998,4.0,14.643,48.59700000000001,18.0,75.12180909347863,53.99820243997104,18.0
1058,1,Typical,touch,Chamaeleon,-211.286744661141,-109251.5,3034,2844,0,-0.29324674658895056,5.184,7.64,0.14285714285714285,0.00013747594171020073,-3.97,-11.42,-2.133,-3.9699999999999998,151.466,17.0,3.0470000000000015,2.112000000000001,1.0,0.32327882020439247,22.0,270.342,7.0,0.0,82.36999999999999,22.0,37.45162754661942,87.97747993854695,5.0
1058,1,Typical,touch,Falke,370.460288194701,204990.0,1847,1230,1,-0.6721841141372574,4.1,7.598,1.0,0.005917159763313609,-1.225,-7.05,6.791,5.500000000000001,140.834,17.0,0.0,0.0,0.041666666666666664,6.282913899443543,17.0,142.54299999999998,17.0,169.77300000000002,0.0,17.0,155.26518118772736,52.5185607843192,18.0
1058,1,Typical,touch,Goldfisch,-99.0710629343038,-19178.0,1690,1660,0,-0.7223047263572104,2.568,7.555,1.0,0.001451378809869376,-0.4539,-8.414,6.0731,3.2859999999999996,137.4658,17.0,0.3800000000000008,0.0,0.08333333333333333,5.254619675872444,18.0,162.2903,18.0,83.28269999999999,0.3800000000000008,19.0,130.99429335067194,65.66149375924455,19.0
1058,1,Typical,touch,Hai,406.704668457131,185822.5,9012,3900,1,1.6151673925886219,3.463,7.656,0.5,0.0010214504596527069,-1.455,-8.75,6.6850000000000005,1.0549999999999997,146.10299999999998,17.0,0.0,0.0,0.041666666666666664,3.5044191848582944,19.0,170.33700000000002,18.0,66.883,0.0,19.0,115.92960434836164,32.52035186190416,19.0
1058,1,Typical,touch,Hund,261.794574595456,142443.0,1680,1390,3,-0.7254971220400099,4.71,7.824,0.07142857142857142,0.0003957261574990107,-4.895,-9.766,1.2930000000000001,-0.8559999999999999,145.851,16.0,0.9599999999999991,0.9599999999999991,0.75,0.2733185827431956,19.0,224.609,0.0,16.677,5.531000000000001,16.0,60.38654795132443,41.35746029182099,16.0
1058,1,Typical,touch,Kaninchen,250.121117960368,120251.0,2449,2020,1,-0.48000189403272436,5.434,7.836,0.07142857142857142,0.0005599104143337066,-4.344,-9.39,0.8319999999999999,2.51,142.117,16.0,0.0,0.0,0.041666666666666664,0.22004211053077194,22.0,223.166,0.0,67.84799999999998,0.0,0.0,66.49600405715856,42.205436002072055,1.0
1058,1,Typical,touch,Katze,-98.595828203103,-49280.5,2361,2111,0,-0.5080949760413604,5.355,7.812,0.1111111111111111,0.0004655493482309125,-4.63,-9.59,-0.06400000000000006,2.75,149.12400000000002,17.0,0.0,0.0,1.0,0.27924582434778517,22.0,223.119,0.0,61.901999999999994,0.06400000000000006,15.0,64.76828807422034,43.08931947855524,1.0
1058,1,Typical,touch,Klapperschlange,303.382972298592,119446.0,9389,8989,7,1.7355207098301648,4.68,7.582,0.14285714285714285,9.127418765972983e-05,-4.254,-12.266,1.883,-0.5960000000000001,159.38500000000002,17.0,6.5600000000000005,1.8800000000000008,0.7916666666666666,0.3341395210556347,22.0,272.101,17.0,8.696000000000002,39.196,19.0,57.67892111225579,46.71186066420429,19.0
1058,1,Typical,touch,Lachs,-153.897991550503,-7928.0,1660,1230,0,-0.731881913405609,3.541,7.77,1.0,0.0009478672985781991,-1.035,-8.805,10.285,1.1550000000000011,144.0922,18.0,0.0,0.0,0.041666666666666664,6.089705803380613,17.0,161.35778,17.0,101.29222,0.0,18.0,183.51630680482114,40.1096654152545,18.0
1058,1,Typical,touch,Loewe,372.44397836023,231791.5,1846,1516,1,-0.6725033537055374,5.51,7.688,0.05,0.0002795638803466592,-5.027,-10.305,0.21499999999999986,-1.2889999999999997,152.458,17.0,2.63,2.63,0.9166666666666666,0.19016061941084472,20.0,230.844,0.0,0.8309999999999995,34.827,20.0,64.0926005884869,40.3879506035535,20.0
1058,1,Typical,touch,Pferd,256.046535638808,163251.0,1540,1340,1,-0.7701906615992037,4.496,7.67,0.022727272727272728,0.0003792188092529389,-6.055,-9.88,-0.12099999999999955,-2.243000000000001,147.17399999999998,17.0,3.4650000000000007,2.479000000000001,1.0,0.11968439300255372,20.0,227.091,0.0,0.3200000000000003,35.980000000000004,4.0,48.46719800578261,39.341101111093735,20.0
1058,1,Typical,touch,Spatz,201.698074764313,143867.5,1670,1140,3,-0.7286895177228095,4.57,7.566,1.0,0.0055248618784530384,-1.347,-7.027,8.363000000000001,2.9330000000000007,144.0912,17.0,0.0,0.0,0.041666666666666664,6.366632781654495,17.0,141.23298,17.0,117.94501999999999,0.0,17.0,126.0473080182301,32.63877843707358,18.0
1058,1,Atypical,touch,Aal,147.835432731917,88611.5,4589,4236,2,0.20317078208637987,4.24,7.477,1.0,0.0019011406844106464,-1.614,-8.125,5.753,3.359,144.142,17.0,0.0,0.0,0.041666666666666664,5.350612693200015,18.0,165.81730000000002,18.0,117.51970000000001,0.0,19.0,143.91418385457848,60.76871534313391,19.0
1058,1,Atypical,touch,Pinguin,83.2668116038364,10042.5,8483,8093,0,1.4462896609685254,3.906,7.797,1.0,0.00510204081632653,-1.1875,-7.18,1.3624999999999998,1.5999999999999996,145.61399999999998,17.0,0.0,0.0,0.041666666666666664,5.679021674422119,18.0,146.9875,17.0,33.1655,0.0,17.0,55.065940584902386,33.47984880766462,18.0
1058,1,Atypical,touch,Schmetterling,266.514548150586,120217.5,2430,2020,1,-0.4860674458300435,4.43,7.85,0.3333333333333333,0.002136752136752137,-2.312,-7.945,1.411,-0.47500000000000053,158.62099999999998,17.0,4.65,2.465,0.75,5.691326469022061,17.0,179.6365,16.0,10.327499999999999,28.194,4.0,82.81711961061038,45.56419321270815,20.0
1058,1,Atypical,touch,Seeloewe,236.015495885654,159491.5,6670,5180,5,0.8675083236769667,4.348,7.875,0.05263157894736842,0.0005339028296849973,-5.105,-9.414,-2.9530000000000003,-0.4339999999999993,149.56099999999998,17.0,3.7669999999999995,3.7669999999999995,1.0,0.17601902325040447,20.0,221.144,0.0,0.0,42.194,21.0,46.43150387400727,85.84442051756527,20.0
1058,1,Atypical,touch,Wal,173.782212085996,118399.0,1690,1350,2,-0.7223047263572104,4.02,7.723,0.125,0.0005310674455655868,-4.82,-9.46,-3.5730000000000004,-0.5150000000000006,146.208,17.0,3.4582999999999995,3.4582999999999995,1.0,0.30788095004842325,22.0,217.32299999999998,0.0,0.0600000000000005,42.3699,21.0,39.597979746446654,83.76453221196577,20.0
1059,0,Typical,click,Klapperschlange,1086.68593177785,617036.5,7549,5956,5,3.663947754333005,4.68,7.582,0.14285714285714285,9.127418765972983e-05,-4.254,-12.266,1.883,-0.5960000000000001,159.38500000000002,17.0,6.5600000000000005,1.8800000000000008,0.7916666666666666,0.3341395210556347,22.0,272.101,17.0,8.696000000000002,39.196,19.0,57.67892111225579,46.71186066420429,19.0
1059,1,Typical,click,Alligator,117.741327469219,67469.5,1285,780,0,-0.5463040094442043,4.45,7.72,1.0,0.0001318217769575534,-1.651,-11.46,3.199,-1.7800000000000011,145.1859,16.0,5.68,2.790000000000001,0.7916666666666666,2.046305650511986,22.0,255.92399999999998,4.0,14.643,48.59700000000001,18.0,75.12180909347863,53.99820243997104,18.0
1059,1,Typical,click,Chamaeleon,90.274127712744,21754.0,1918,1060,0,-0.12084274404334656,5.184,7.64,0.14285714285714285,0.00013747594171020073,-3.97,-11.42,-2.133,-3.9699999999999998,151.466,17.0,3.0470000000000015,2.112000000000001,1.0,0.32327882020439247,22.0,270.342,7.0,0.0,82.36999999999999,22.0,37.45162754661942,87.97747993854695,5.0
1059,1,Typical,click,Falke,-53.3651060727774,-35179.0,1309,780,1,-0.5301727766327974,4.1,7.598,1.0,0.005917159763313609,-1.225,-7.05,6.791,5.500000000000001,140.834,17.0,0.0,0.0,0.041666666666666664,6.282913899443543,17.0,142.54299999999998,17.0,169.77300000000002,0.0,17.0,155.26518118772736,52.5185607843192,18.0
1059,1,Typical,click,Goldfisch,49.6908308710049,26880.0,1702,901,0,-0.26602383934600893,2.568,7.555,1.0,0.001451378809869376,-0.4539,-8.414,6.0731,3.2859999999999996,137.4658,17.0,0.3800000000000008,0.0,0.08333333333333333,5.254619675872444,18.0,162.2903,18.0,83.28269999999999,0.3800000000000008,19.0,130.99429335067194,65.66149375924455,19.0
1059,1,Typical,click,Hai,-29.0058772063079,-3882.0,1118,598,0,-0.6585505044235775,3.463,7.656,0.5,0.0010214504596527069,-1.455,-8.75,6.6850000000000005,1.0549999999999997,146.10299999999998,17.0,0.0,0.0,0.041666666666666664,3.5044191848582944,19.0,170.33700000000002,18.0,66.883,0.0,19.0,115.92960434836164,32.52035186190416,19.0
1059,1,Typical,click,Hund,40.3640435996509,22397.5,1150,621,1,-0.6370421940083683,4.71,7.824,0.07142857142857142,0.0003957261574990107,-4.895,-9.766,1.2930000000000001,-0.8559999999999999,145.851,16.0,0.9599999999999991,0.9599999999999991,0.75,0.2733185827431956,19.0,224.609,0.0,16.677,5.531000000000001,16.0,60.38654795132443,41.35746029182099,16.0
1059,1,Typical,click,Kaninchen,176.136502549647,99776.5,1390,710,0,-0.475729865894299,5.434,7.836,0.07142857142857142,0.0005599104143337066,-4.344,-9.39,0.8319999999999999,2.51,142.117,16.0,0.0,0.0,0.041666666666666664,0.22004211053077194,22.0,223.166,0.0,67.84799999999998,0.0,0.0,66.49600405715856,42.205436002072055,1.0
1059,1,Typical,click,Katze,59.73173181464,44673.5,1573,820,0,-0.3527292157073212,5.355,7.812,0.1111111111111111,0.0004655493482309125,-4.63,-9.59,-0.06400000000000006,2.75,149.12400000000002,17.0,0.0,0.0,1.0,0.27924582434778517,22.0,223.119,0.0,61.901999999999994,0.06400000000000006,15.0,64.76828807422034,43.08931947855524,1.0
1059,1,Typical,click,Lachs,274.428504725349,223470.5,1334,821,2,-0.5133694091209152,3.541,7.77,1.0,0.0009478672985781991,-1.035,-8.805,10.285,1.1550000000000011,144.0922,18.0,0.0,0.0,0.041666666666666664,6.089705803380613,17.0,161.35778,17.0,101.29222,0.0,18.0,183.51630680482114,40.1096654152545,18.0
1059,1,Typical,click,Loewe,161.520807233276,114825.5,2261,1060,1,0.10969945821967747,5.51,7.688,0.05,0.0002795638803466592,-5.027,-10.305,0.21499999999999986,-1.2889999999999997,152.458,17.0,2.63,2.63,0.9166666666666666,0.19016061941084472,20.0,230.844,0.0,0.8309999999999995,34.827,20.0,64.0926005884869,40.3879506035535,20.0
1059,1,Typical,click,Pferd,39.8999601465661,22633.5,1517,700,0,-0.39036875893393735,4.496,7.67,0.022727272727272728,0.0003792188092529389,-6.055,-9.88,-0.12099999999999955,-2.243000000000001,147.17399999999998,17.0,3.4650000000000007,2.479000000000001,1.0,0.11968439300255372,20.0,227.091,0.0,0.3200000000000003,35.980000000000004,4.0,48.46719800578261,39.341101111093735,20.0
1059,1,Typical,click,Spatz,73.0553053242785,42830.0,1678,870,0,-0.28215507215741586,4.57,7.566,1.0,0.0055248618784530384,-1.347,-7.027,8.363000000000001,2.9330000000000007,144.0912,17.0,0.0,0.0,0.041666666666666664,6.366632781654495,17.0,141.23298,17.0,117.94501999999999,0.0,17.0,126.0473080182301,32.63877843707358,18.0
1059,1,Atypical,click,Aal,574.165145271647,260320.0,1998,1140,2,-0.06707196800532347,4.24,7.477,1.0,0.0019011406844106464,-1.614,-8.125,5.753,3.359,144.142,17.0,0.0,0.0,0.041666666666666664,5.350612693200015,18.0,165.81730000000002,18.0,117.51970000000001,0.0,19.0,143.91418385457848,60.76871534313391,19.0
1059,1,Atypical,click,Fledermaus,-23.568531185984,-10404.0,1510,1101,0,-0.39507370183726437,4.906,7.652,0.0018656716417910447,0.00028538812785388126,-8.734,-10.266,-5.031000000000001,-2.3259999999999996,165.516,16.0,0.0,0.0,1.0,0.013391970707803893,20.0,246.002,0.0,0.0,71.10400000000001,4.0,33.0876255149752,94.95394459707009,11.0
1059,1,Atypical,click,Pinguin,57.6359439536373,-7576.5,3094,1853,1,0.669587663715593,3.906,7.797,1.0,0.00510204081632653,-1.1875,-7.18,1.3624999999999998,1.5999999999999996,145.61399999999998,17.0,0.0,0.0,0.041666666666666664,5.679021674422119,18.0,146.9875,17.0,33.1655,0.0,17.0,55.065940584902386,33.47984880766462,18.0
1059,1,Atypical,click,Schmetterling,914.779921267318,370556.5,1558,1020,4,-0.3628112362144505,4.43,7.85,0.3333333333333333,0.002136752136752137,-2.312,-7.945,1.411,-0.47500000000000053,158.62099999999998,17.0,4.65,2.465,0.75,5.691326469022061,17.0,179.6365,16.0,10.327499999999999,28.194,4.0,82.81711961061038,45.56419321270815,20.0
1059,1,Atypical,click,Seeloewe,344.726159057174,249537.5,3901,2660,2,1.212000366999151,4.348,7.875,0.05263157894736842,0.0005339028296849973,-5.105,-9.414,-2.9530000000000003,-0.4339999999999993,149.56099999999998,17.0,3.7669999999999995,3.7669999999999995,1.0,0.17601902325040447,20.0,221.144,0.0,0.0,42.194,21.0,46.43150387400727,85.84442051756527,20.0
1059,1,Atypical,click,Wal,154.401177267878,110297.0,2013,1221,1,-0.05698994749819414,4.02,7.723,0.125,0.0005310674455655868,-4.82,-9.46,-3.5730000000000004,-0.5150000000000006,146.208,17.0,3.4582999999999995,3.4582999999999995,1.0,0.30788095004842325,22.0,217.32299999999998,0.0,0.0600000000000005,42.3699,21.0,39.597979746446654,83.76453221196577,20.0
1060,0,Atypical,click,Wal,46.6552275488937,10993.0,4157,2060,0,2.445181740652866,4.02,7.723,0.125,0.0005310674455655868,-4.82,-9.46,-3.5730000000000004,-0.5150000000000006,146.208,17.0,3.4582999999999995,3.4582999999999995,1.0,0.30788095004842325,22.0,217.32299999999998,0.0,0.0600000000000005,42.3699,21.0,39.597979746446654,83.76453221196577,20.0
1060,1,Typical,click,Alligator,-19.3814138676116,-7608.5,2061,1420,0,-0.09669921786235874,4.45,7.72,1.0,0.0001318217769575534,-1.651,-11.46,3.199,-1.7800000000000011,145.1859,16.0,5.68,2.790000000000001,0.7916666666666666,2.046305650511986,22.0,255.92399999999998,4.0,14.643,48.59700000000001,18.0,75.12180909347863,53.99820243997104,18.0
1060,1,Typical,click,Chamaeleon,-75.8729181783089,-42859.5,2423,1870,0,0.34230884844609133,5.184,7.64,0.14285714285714285,0.00013747594171020073,-3.97,-11.42,-2.133,-3.9699999999999998,151.466,17.0,3.0470000000000015,2.112000000000001,1.0,0.32327882020439247,22.0,270.342,7.0,0.0,82.36999999999999,22.0,37.45162754661942,87.97747993854695,5.0
1060,1,Typical,click,Falke,36.0544576496005,15671.5,1630,1140,0,-0.6193856172517013,4.1,7.598,1.0,0.005917159763313609,-1.225,-7.05,6.791,5.500000000000001,140.834,17.0,0.0,0.0,0.041666666666666664,6.282913899443543,17.0,142.54299999999998,17.0,169.77300000000002,0.0,17.0,155.26518118772736,52.5185607843192,18.0
1060,1,Typical,click,Goldfisch,-18.3791470161473,-4232.5,1774,1140,0,-0.4447525743002736,2.568,7.555,1.0,0.001451378809869376,-0.4539,-8.414,6.0731,3.2859999999999996,137.4658,17.0,0.3800000000000008,0.0,0.08333333333333333,5.254619675872444,18.0,162.2903,18.0,83.28269999999999,0.3800000000000008,19.0,130.99429335067194,65.66149375924455,19.0
1060,1,Typical,click,Hai,68.0180187393848,37101.0,1445,940,0,-0.8437405682656882,3.463,7.656,0.5,0.0010214504596527069,-1.455,-8.75,6.6850000000000005,1.0549999999999997,146.10299999999998,17.0,0.0,0.0,0.041666666666666664,3.5044191848582944,19.0,170.33700000000002,18.0,66.883,0.0,19.0,115.92960434836164,32.52035186190416,19.0
1060,1,Typical,click,Hund,-18.679072336238,-8069.5,1269,740,0,-1.0571809540952108,4.71,7.824,0.07142857142857142,0.0003957261574990107,-4.895,-9.766,1.2930000000000001,-0.8559999999999999,145.851,16.0,0.9599999999999991,0.9599999999999991,0.75,0.2733185827431956,19.0,224.609,0.0,16.677,5.531000000000001,16.0,60.38654795132443,41.35746029182099,16.0
1060,1,Typical,click,Kaninchen,23.7127774568603,8689.5,1517,837,1,-0.7564240467899743,5.434,7.836,0.07142857142857142,0.0005599104143337066,-4.344,-9.39,0.8319999999999999,2.51,142.117,16.0,0.0,0.0,0.041666666666666664,0.22004211053077194,22.0,223.166,0.0,67.84799999999998,0.0,0.0,66.49600405715856,42.205436002072055,1.0
1060,1,Typical,click,Katze,38.5588999046215,16176.5,1302,750,0,-1.0171608817521753,5.355,7.812,0.1111111111111111,0.0004655493482309125,-4.63,-9.59,-0.06400000000000006,2.75,149.12400000000002,17.0,0.0,0.0,1.0,0.27924582434778517,22.0,223.119,0.0,61.901999999999994,0.06400000000000006,15.0,64.76828807422034,43.08931947855524,1.0
1060,1,Typical,click,Klapperschlange,-39.5321157602857,-16292.5,2864,1680,1,0.8771225424848386,4.68,7.582,0.14285714285714285,9.127418765972983e-05,-4.254,-12.266,1.883,-0.5960000000000001,159.38500000000002,17.0,6.5600000000000005,1.8800000000000008,0.7916666666666666,0.3341395210556347,22.0,272.101,17.0,8.696000000000002,39.196,19.0,57.67892111225579,46.71186066420429,19.0
1060,1,Typical,click,Lachs,24.0657694326555,4626.0,1493,940,0,-0.7855295539485456,3.541,7.77,1.0,0.0009478672985781991,-1.035,-8.805,10.285,1.1550000000000011,144.0922,18.0,0.0,0.0,0.041666666666666664,6.089705803380613,17.0,161.35778,17.0,101.29222,0.0,18.0,183.51630680482114,40.1096654152545,18.0
1060,1,Typical,click,Loewe,398.197900078285,202043.5,1717,1164,1,-0.5138781538018804,5.51,7.688,0.05,0.0002795638803466592,-5.027,-10.305,0.21499999999999986,-1.2889999999999997,152.458,17.0,2.63,2.63,0.9166666666666666,0.19016061941084472,20.0,230.844,0.0,0.8309999999999995,34.827,20.0,64.0926005884869,40.3879506035535,20.0
1060,1,Typical,click,Pferd,-75.2999084752961,-30958.0,1623,863,0,-0.6278747235062846,4.496,7.67,0.022727272727272728,0.0003792188092529389,-6.055,-9.88,-0.12099999999999955,-2.243000000000001,147.17399999999998,17.0,3.4650000000000007,2.479000000000001,1.0,0.11968439300255372,20.0,227.091,0.0,0.3200000000000003,35.980000000000004,4.0,48.46719800578261,39.341101111093735,20.0
1060,1,Typical,click,Spatz,85.6640973603796,23723.5,1829,980,0,-0.37805245372854773,4.57,7.566,1.0,0.0055248618784530384,-1.347,-7.027,8.363000000000001,2.9330000000000007,144.0912,17.0,0.0,0.0,0.041666666666666664,6.366632781654495,17.0,141.23298,17.0,117.94501999999999,0.0,17.0,126.0473080182301,32.63877843707358,18.0
1060,1,Atypical,click,Aal,-19.2287532042532,-12660.0,2021,1020,0,-0.14520839645997755,4.24,7.477,1.0,0.0019011406844106464,-1.614,-8.125,5.753,3.359,144.142,17.0,0.0,0.0,0.041666666666666664,5.350612693200015,18.0,165.81730000000002,18.0,117.51970000000001,0.0,19.0,143.91418385457848,60.76871534313391,19.0
1060,1,Atypical,click,Fledermaus,61.6381964403172,-4424.0,3445,2340,2,1.5817183616152515,4.906,7.652,0.0018656716417910447,0.00028538812785388126,-8.734,-10.266,-5.031000000000001,-2.3259999999999996,165.516,16.0,0.0,0.0,1.0,0.013391970707803893,20.0,246.002,0.0,0.0,71.10400000000001,4.0,33.0876255149752,94.95394459707009,11.0
1060,1,Atypical,click,Pinguin,59.9251133968944,2672.0,3381,1997,1,1.5041036758590614,3.906,7.797,1.0,0.00510204081632653,-1.1875,-7.18,1.3624999999999998,1.5999999999999996,145.61399999999998,17.0,0.0,0.0,0.041666666666666664,5.679021674422119,18.0,146.9875,17.0,33.1655,0.0,17.0,55.065940584902386,33.47984880766462,18.0
1060,1,Atypical,click,Schmetterling,-50.2500688152503,-18568.5,1853,1100,0,-0.3489469465699765,4.43,7.85,0.3333333333333333,0.002136752136752137,-2.312,-7.945,1.411,-0.47500000000000053,158.62099999999998,17.0,4.65,2.465,0.75,5.691326469022061,17.0,179.6365,16.0,10.327499999999999,28.194,4.0,82.81711961061038,45.56419321270815,20.0
1060,1,Atypical,click,Seeloewe,-81.8254055320907,-31270.5,2870,2260,1,0.8843989192744813,4.348,7.875,0.05263157894736842,0.0005339028296849973,-5.105,-9.414,-2.9530000000000003,-0.4339999999999993,149.56099999999998,17.0,3.7669999999999995,3.7669999999999995,1.0,0.17601902325040447,20.0,221.144,0.0,0.0,42.194,21.0,46.43150387400727,85.84442051756527,20.0
1061,0,Typical,click,Klapperschlange,857.293230120954,241885.5,2997,2540,3,0.28426452327045115,4.68,7.582,0.14285714285714285,9.127418765972983e-05,-4.254,-12.266,1.883,-0.5960000000000001,159.38500000000002,17.0,6.5600000000000005,1.8800000000000008,0.7916666666666666,0.3341395210556347,22.0,272.101,17.0,8.696000000000002,39.196,19.0,57.67892111225579,46.71186066420429,19.0
1061,0,Atypical,click,Wal,526.521827734967,235738.5,5741,5020,2,2.257425911265158,4.02,7.723,0.125,0.0005310674455655868,-4.82,-9.46,-3.5730000000000004,-0.5150000000000006,146.208,17.0,3.4582999999999995,3.4582999999999995,1.0,0.30788095004842325,22.0,217.32299999999998,0.0,0.0600000000000005,42.3699,21.0,39.597979746446654,83.76453221196577,20.0
1061,1,Typical,click,Alligator,61.9613092089026,19009.5,1629,980,0,-0.6994398421729741,4.45,7.72,1.0,0.0001318217769575534,-1.651,-11.46,3.199,-1.7800000000000011,145.1859,16.0,5.68,2.790000000000001,0.7916666666666666,2.046305650511986,22.0,255.92399999999998,4.0,14.643,48.59700000000001,18.0,75.12180909347863,53.99820243997104,18.0
1061,1,Typical,click,Chamaeleon,97.8093727370862,65915.0,1598,670,1,-0.7217313884659172,5.184,7.64,0.14285714285714285,0.00013747594171020073,-3.97,-11.42,-2.133,-3.9699999999999998,151.466,17.0,3.0470000000000015,2.112000000000001,1.0,0.32327882020439247,22.0,270.342,7.0,0.0,82.36999999999999,22.0,37.45162754661942,87.97747993854695,5.0
1061,1,Typical,click,Falke,-135.432333330497,-77987.0,1166,701,0,-1.0323748722901567,4.1,7.598,1.0,0.005917159763313609,-1.225,-7.05,6.791,5.500000000000001,140.834,17.0,0.0,0.0,0.041666666666666664,6.282913899443543,17.0,142.54299999999998,17.0,169.77300000000002,0.0,17.0,155.26518118772736,52.5185607843192,18.0
1061,1,Typical,click,Goldfisch,89.7088429708093,39762.0,1333,820,1,-0.9122881551636568,2.568,7.555,1.0,0.001451378809869376,-0.4539,-8.414,6.0731,3.2859999999999996,137.4658,17.0,0.3800000000000008,0.0,0.08333333333333333,5.254619675872444,18.0,162.2903,18.0,83.28269999999999,0.3800000000000008,19.0,130.99429335067194,65.66149375924455,19.0
1061,1,Typical,click,Hai,-93.6684658469101,-34389.0,2038,1301,1,-0.4053352475338214,3.463,7.656,0.5,0.0010214504596527069,-1.455,-8.75,6.6850000000000005,1.0549999999999997,146.10299999999998,17.0,0.0,0.0,0.041666666666666664,3.5044191848582944,19.0,170.33700000000002,18.0,66.883,0.0,19.0,115.92960434836164,32.52035186190416,19.0
1061,1,Typical,click,Hund,-47.5186489649236,-10783.5,1501,740,0,-0.7914823558986747,4.71,7.824,0.07142857142857142,0.0003957261574990107,-4.895,-9.766,1.2930000000000001,-0.8559999999999999,145.851,16.0,0.9599999999999991,0.9599999999999991,0.75,0.2733185827431956,19.0,224.609,0.0,16.677,5.531000000000001,16.0,60.38654795132443,41.35746029182099,16.0
1061,1,Typical,click,Kaninchen,212.914579176136,103047.5,1950,900,1,-0.46861447572024056,5.434,7.836,0.07142857142857142,0.0005599104143337066,-4.344,-9.39,0.8319999999999999,2.51,142.117,16.0,0.0,0.0,0.041666666666666664,0.22004211053077194,22.0,223.166,0.0,67.84799999999998,0.0,0.0,66.49600405715856,42.205436002072055,1.0
1061,1,Typical,click,Katze,48.5450218476407,14714.5,1389,820,0,-0.8720195554086627,5.355,7.812,0.1111111111111111,0.0004655493482309125,-4.63,-9.59,-0.06400000000000006,2.75,149.12400000000002,17.0,0.0,0.0,1.0,0.27924582434778517,22.0,223.119,0.0,61.901999999999994,0.06400000000000006,15.0,64.76828807422034,43.08931947855524,1.0
1061,1,Typical,click,Lachs,556.40119811704,290450.0,1862,710,1,-0.5318937039066597,3.541,7.77,1.0,0.0009478672985781991,-1.035,-8.805,10.285,1.1550000000000011,144.0922,18.0,0.0,0.0,0.041666666666666664,6.089705803380613,17.0,161.35778,17.0,101.29222,0.0,18.0,183.51630680482114,40.1096654152545,18.0
1061,1,Typical,click,Loewe,681.214821281407,382132.0,3029,1140,1,0.3072751517018763,5.51,7.688,0.05,0.0002795638803466592,-5.027,-10.305,0.21499999999999986,-1.2889999999999997,152.458,17.0,2.63,2.63,0.9166666666666666,0.19016061941084472,20.0,230.844,0.0,0.8309999999999995,34.827,20.0,64.0926005884869,40.3879506035535,20.0
1061,1,Typical,click,Pferd,-131.130514320095,-55655.5,1501,940,2,-0.7914823558986747,4.496,7.67,0.022727272727272728,0.0003792188092529389,-6.055,-9.88,-0.12099999999999955,-2.243000000000001,147.17399999999998,17.0,3.4650000000000007,2.479000000000001,1.0,0.11968439300255372,20.0,227.091,0.0,0.3200000000000003,35.980000000000004,4.0,48.46719800578261,39.341101111093735,20.0
1061,1,Typical,click,Spatz,113.877528565131,76144.0,1302,550,0,-0.9345797014565999,4.57,7.566,1.0,0.0055248618784530384,-1.347,-7.027,8.363000000000001,2.9330000000000007,144.0912,17.0,0.0,0.0,0.041666666666666664,6.366632781654495,17.0,141.23298,17.0,117.94501999999999,0.0,17.0,126.0473080182301,32.63877843707358,18.0
1061,1,Atypical,click,Aal,695.046423726973,240833.0,4294,1861,4,1.2169140568816519,4.24,7.477,1.0,0.0019011406844106464,-1.614,-8.125,5.753,3.359,144.142,17.0,0.0,0.0,0.041666666666666664,5.350612693200015,18.0,165.81730000000002,18.0,117.51970000000001,0.0,19.0,143.91418385457848,60.76871534313391,19.0
1061,1,Atypical,click,Fledermaus,918.196439147618,401481.0,4014,2838,1,1.0155710581066817,4.906,7.652,0.0018656716417910447,0.00028538812785388126,-8.734,-10.266,-5.031000000000001,-2.3259999999999996,165.516,16.0,0.0,0.0,1.0,0.013391970707803893,20.0,246.002,0.0,0.0,71.10400000000001,4.0,33.0876255149752,94.95394459707009,11.0
1061,1,Atypical,click,Pinguin,971.217300252915,318383.0,3398,1990,2,0.5726164608017476,3.906,7.797,1.0,0.00510204081632653,-1.1875,-7.18,1.3624999999999998,1.5999999999999996,145.61399999999998,17.0,0.0,0.0,0.041666666666666664,5.679021674422119,18.0,146.9875,17.0,33.1655,0.0,17.0,55.065940584902386,33.47984880766462,18.0
1061,1,Atypical,click,Schmetterling,157.398834166498,11636.5,3821,1100,2,0.8767882053796489,4.43,7.85,0.3333333333333333,0.002136752136752137,-2.312,-7.945,1.411,-0.47500000000000053,158.62099999999998,17.0,4.65,2.465,0.75,5.691326469022061,17.0,179.6365,16.0,10.327499999999999,28.194,4.0,82.81711961061038,45.56419321270815,20.0
1061,1,Atypical,click,Seeloewe,-63.016800446431,-22218.0,4869,764,0,1.6303862865088226,4.348,7.875,0.05263157894736842,0.0005339028296849973,-5.105,-9.414,-2.9530000000000003,-0.4339999999999993,149.56099999999998,17.0,3.7669999999999995,3.7669999999999995,1.0,0.17601902325040447,20.0,221.144,0.0,0.0,42.194,21.0,46.43150387400727,85.84442051756527,20.0
1062,1,Typical,touch,Alligator,48.4397746526808,32510.5,880,780,0,-0.05344484326816793,4.45,7.72,1.0,0.0001318217769575534,-1.651,-11.46,3.199,-1.7800000000000011,145.1859,16.0,5.68,2.790000000000001,0.7916666666666666,2.046305650511986,22.0,255.92399999999998,4.0,14.643,48.59700000000001,18.0,75.12180909347863,53.99820243997104,18.0
1062,1,Typical,touch,Chamaeleon,34.8855136398147,27680.5,860,750,0,-0.12047137938006183,5.184,7.64,0.14285714285714285,0.00013747594171020073,-3.97,-11.42,-2.133,-3.9699999999999998,151.466,17.0,3.0470000000000015,2.112000000000001,1.0,0.32327882020439247,22.0,270.342,7.0,0.0,82.36999999999999,22.0,37.45162754661942,87.97747993854695,5.0
1062,1,Typical,touch,Falke,110.825815733128,75146.5,860,830,0,-0.12047137938006183,4.1,7.598,1.0,0.005917159763313609,-1.225,-7.05,6.791,5.500000000000001,140.834,17.0,0.0,0.0,0.041666666666666664,6.282913899443543,17.0,142.54299999999998,17.0,169.77300000000002,0.0,17.0,155.26518118772736,52.5185607843192,18.0
1062,1,Typical,touch,Goldfisch,-46.1841600562191,-17169.5,790,660,0,-0.3550642557716905,2.568,7.555,1.0,0.001451378809869376,-0.4539,-8.414,6.0731,3.2859999999999996,137.4658,17.0,0.3800000000000008,0.0,0.08333333333333333,5.254619675872444,18.0,162.2903,18.0,83.28269999999999,0.3800000000000008,19.0,130.99429335067194,65.66149375924455,19.0
1062,1,Typical,touch,Hai,139.789867634312,83169.0,870,740,0,-0.08695811132411488,3.463,7.656,0.5,0.0010214504596527069,-1.455,-8.75,6.6850000000000005,1.0549999999999997,146.10299999999998,17.0,0.0,0.0,0.041666666666666664,3.5044191848582944,19.0,170.33700000000002,18.0,66.883,0.0,19.0,115.92960434836164,32.52035186190416,19.0
1062,1,Typical,touch,Hund,119.907284123555,90012.0,671,541,1,-0.7538721456374592,4.71,7.824,0.07142857142857142,0.0003957261574990107,-4.895,-9.766,1.2930000000000001,-0.8559999999999999,145.851,16.0,0.9599999999999991,0.9599999999999991,0.75,0.2733185827431956,19.0,224.609,0.0,16.677,5.531000000000001,16.0,60.38654795132443,41.35746029182099,16.0
1062,1,Typical,touch,Kaninchen,27.089183171944,13946.0,830,750,0,-0.2210111835479027,5.434,7.836,0.07142857142857142,0.0005599104143337066,-4.344,-9.39,0.8319999999999999,2.51,142.117,16.0,0.0,0.0,0.041666666666666664,0.22004211053077194,22.0,223.166,0.0,67.84799999999998,0.0,0.0,66.49600405715856,42.205436002072055,1.0
1062,1,Typical,touch,Katze,14.1313230544618,9116.0,640,580,0,-0.8577632766108948,5.355,7.812,0.1111111111111111,0.0004655493482309125,-4.63,-9.59,-0.06400000000000006,2.75,149.12400000000002,17.0,0.0,0.0,1.0,0.27924582434778517,22.0,223.119,0.0,61.901999999999994,0.06400000000000006,15.0,64.76828807422034,43.08931947855524,1.0
1062,1,Typical,touch,Klapperschlange,921.956603544809,578086.5,2000,1710,4,3.700041178997891,4.68,7.582,0.14285714285714285,9.127418765972983e-05,-4.254,-12.266,1.883,-0.5960000000000001,159.38500000000002,17.0,6.5600000000000005,1.8800000000000008,0.7916666666666666,0.3341395210556347,22.0,272.101,17.0,8.696000000000002,39.196,19.0,57.67892111225579,46.71186066420429,19.0
1062,1,Typical,touch,Lachs,34.5144845738339,16392.5,830,740,0,-0.2210111835479027,3.541,7.77,1.0,0.0009478672985781991,-1.035,-8.805,10.285,1.1550000000000011,144.0922,18.0,0.0,0.0,0.041666666666666664,6.089705803380613,17.0,161.35778,17.0,101.29222,0.0,18.0,183.51630680482114,40.1096654152545,18.0
1062,1,Typical,touch,Loewe,70.7231248745554,13617.5,640,590,0,-0.8577632766108948,5.51,7.688,0.05,0.0002795638803466592,-5.027,-10.305,0.21499999999999986,-1.2889999999999997,152.458,17.0,2.63,2.63,0.9166666666666666,0.19016061941084472,20.0,230.844,0.0,0.8309999999999995,34.827,20.0,64.0926005884869,40.3879506035535,20.0
1062,1,Typical,touch,Pferd,-86.5118073288198,-51504.5,741,541,0,-0.5192792692458306,4.496,7.67,0.022727272727272728,0.0003792188092529389,-6.055,-9.88,-0.12099999999999955,-2.243000000000001,147.17399999999998,17.0,3.4650000000000007,2.479000000000001,1.0,0.11968439300255372,20.0,227.091,0.0,0.3200000000000003,35.980000000000004,4.0,48.46719800578261,39.341101111093735,20.0
1062,1,Typical,touch,Spatz,186.265693415911,153830.5,1040,780,1,0.48276744562698326,4.57,7.566,1.0,0.0055248618784530384,-1.347,-7.027,8.363000000000001,2.9330000000000007,144.0912,17.0,0.0,0.0,0.041666666666666664,6.366632781654495,17.0,141.23298,17.0,117.94501999999999,0.0,17.0,126.0473080182301,32.63877843707358,18.0
1062,1,Atypical,touch,Aal,-128.58681400694,-111103.5,680,620,0,-0.723710204387107,4.24,7.477,1.0,0.0019011406844106464,-1.614,-8.125,5.753,3.359,144.142,17.0,0.0,0.0,0.041666666666666664,5.350612693200015,18.0,165.81730000000002,18.0,117.51970000000001,0.0,19.0,143.91418385457848,60.76871534313391,19.0
1062,1,Atypical,touch,Fledermaus,-42.0840478143842,-18682.0,1110,1060,0,0.717360322018612,4.906,7.652,0.0018656716417910447,0.00028538812785388126,-8.734,-10.266,-5.031000000000001,-2.3259999999999996,165.516,16.0,0.0,0.0,1.0,0.013391970707803893,20.0,246.002,0.0,0.0,71.10400000000001,4.0,33.0876255149752,94.95394459707009,11.0
1062,1,Atypical,touch,Pinguin,531.116132514658,240966.5,971,901,1,0.2515258960409493,3.906,7.797,1.0,0.00510204081632653,-1.1875,-7.18,1.3624999999999998,1.5999999999999996,145.61399999999998,17.0,0.0,0.0,0.041666666666666664,5.679021674422119,18.0,146.9875,17.0,33.1655,0.0,17.0,55.065940584902386,33.47984880766462,18.0
1062,1,Atypical,touch,Schmetterling,42.6521583017546,30953.0,940,820,0,0.14763476506751377,4.43,7.85,0.3333333333333333,0.002136752136752137,-2.312,-7.945,1.411,-0.47500000000000053,158.62099999999998,17.0,4.65,2.465,0.75,5.691326469022061,17.0,179.6365,16.0,10.327499999999999,28.194,4.0,82.81711961061038,45.56419321270815,20.0
1062,1,Atypical,touch,Seeloewe,99.5251821169124,61956.0,720,620,0,-0.5896571321633192,4.348,7.875,0.05263157894736842,0.0005339028296849973,-5.105,-9.414,-2.9530000000000003,-0.4339999999999993,149.56099999999998,17.0,3.7669999999999995,3.7669999999999995,1.0,0.17601902325040447,20.0,221.144,0.0,0.0,42.194,21.0,46.43150387400727,85.84442051756527,20.0
1062,1,Atypical,touch,Wal,92.0299340801957,58406.5,950,900,1,0.18114803312346073,4.02,7.723,0.125,0.0005310674455655868,-4.82,-9.46,-3.5730000000000004,-0.5150000000000006,146.208,17.0,3.4582999999999995,3.4582999999999995,1.0,0.30788095004842325,22.0,217.32299999999998,0.0,0.0600000000000005,42.3699,21.0,39.597979746446654,83.76453221196577,20.0
1063,0,Typical,click,Klapperschlange,966.990109555922,617262.0,2797,2100,1,1.2840825381190508,4.68,7.582,0.14285714285714285,9.127418765972983e-05,-4.254,-12.266,1.883,-0.5960000000000001,159.38500000000002,17.0,6.5600000000000005,1.8800000000000008,0.7916666666666666,0.3341395210556347,22.0,272.101,17.0,8.696000000000002,39.196,19.0,57.67892111225579,46.71186066420429,19.0
1063,0,Atypical,click,Pinguin,411.699178671656,295776.5,3853,860,2,2.824981583861912,3.906,7.797,1.0,0.00510204081632653,-1.1875,-7.18,1.3624999999999998,1.5999999999999996,145.61399999999998,17.0,0.0,0.0,0.041666666666666664,5.679021674422119,18.0,146.9875,17.0,33.1655,0.0,17.0,55.065940584902386,33.47984880766462,18.0
1063,0,Atypical,click,Wal,649.570126436247,391475.5,1910,933,2,-0.010214292916856086,4.02,7.723,0.125,0.0005310674455655868,-4.82,-9.46,-3.5730000000000004,-0.5150000000000006,146.208,17.0,3.4582999999999995,3.4582999999999995,1.0,0.30788095004842325,22.0,217.32299999999998,0.0,0.0600000000000005,42.3699,21.0,39.597979746446654,83.76453221196577,20.0
1063,1,Typical,click,Alligator,57.1324310139591,20600.5,1213,740,1,-1.0272660304952406,4.45,7.72,1.0,0.0001318217769575534,-1.651,-11.46,3.199,-1.7800000000000011,145.1859,16.0,5.68,2.790000000000001,0.7916666666666666,2.046305650511986,22.0,255.92399999999998,4.0,14.643,48.59700000000001,18.0,75.12180909347863,53.99820243997104,18.0
1063,1,Typical,click,Chamaeleon,46.2045171817693,30501.5,1773,1180,1,-0.21012259714675377,5.184,7.64,0.14285714285714285,0.00013747594171020073,-3.97,-11.42,-2.133,-3.9699999999999998,151.466,17.0,3.0470000000000015,2.112000000000001,1.0,0.32327882020439247,22.0,270.342,7.0,0.0,82.36999999999999,22.0,37.45162754661942,87.97747993854695,5.0
1063,1,Typical,click,Falke,443.72027141712,221488.0,2165,860,4,0.36187780619718707,4.1,7.598,1.0,0.005917159763313609,-1.225,-7.05,6.791,5.500000000000001,140.834,17.0,0.0,0.0,0.041666666666666664,6.282913899443543,17.0,142.54299999999998,17.0,169.77300000000002,0.0,17.0,155.26518118772736,52.5185607843192,18.0
1063,1,Typical,click,Goldfisch,169.020366560647,128721.0,1302,820,0,-0.8973985919809275,2.568,7.555,1.0,0.001451378809869376,-0.4539,-8.414,6.0731,3.2859999999999996,137.4658,17.0,0.3800000000000008,0.0,0.08333333333333333,5.254619675872444,18.0,162.2903,18.0,83.28269999999999,0.3800000000000008,19.0,130.99429335067194,65.66149375924455,19.0
1063,1,Typical,click,Hai,58.9032233676808,40222.5,2061,1140,1,0.21012259714675377,3.463,7.656,0.5,0.0010214504596527069,-1.455,-8.75,6.6850000000000005,1.0549999999999997,146.10299999999998,17.0,0.0,0.0,0.041666666666666664,3.5044191848582944,19.0,170.33700000000002,18.0,66.883,0.0,19.0,115.92960434836164,32.52035186190416,19.0
1063,1,Typical,click,Hund,-85.3257668379633,-31043.0,1549,1061,2,-0.5369799704861485,4.71,7.824,0.07142857142857142,0.0003957261574990107,-4.895,-9.766,1.2930000000000001,-0.8559999999999999,145.851,16.0,0.9599999999999991,0.9599999999999991,0.75,0.2733185827431956,19.0,224.609,0.0,16.677,5.531000000000001,16.0,60.38654795132443,41.35746029182099,16.0
1063,1,Typical,click,Kaninchen,790.781106161236,518881.0,1493,1060,5,-0.6186943138209972,5.434,7.836,0.07142857142857142,0.0005599104143337066,-4.344,-9.39,0.8319999999999999,2.51,142.117,16.0,0.0,0.0,0.041666666666666664,0.22004211053077194,22.0,223.166,0.0,67.84799999999998,0.0,0.0,66.49600405715856,42.205436002072055,1.0
1063,1,Typical,click,Katze,1102.10397029453,520847.0,1541,740,1,-0.5486534481054126,5.355,7.812,0.1111111111111111,0.0004655493482309125,-4.63,-9.59,-0.06400000000000006,2.75,149.12400000000002,17.0,0.0,0.0,1.0,0.27924582434778517,22.0,223.119,0.0,61.901999999999994,0.06400000000000006,15.0,64.76828807422034,43.08931947855524,1.0
1063,1,Typical,click,Lachs,-101.340224215691,-69919.5,1582,910,0,-0.4888268753066841,3.541,7.77,1.0,0.0009478672985781991,-1.035,-8.805,10.285,1.1550000000000011,144.0922,18.0,0.0,0.0,0.041666666666666664,6.089705803380613,17.0,161.35778,17.0,101.29222,0.0,18.0,183.51630680482114,40.1096654152545,18.0
1063,1,Typical,click,Loewe,175.500499722018,114479.0,1862,1300,1,-0.08025515863244068,5.51,7.688,0.05,0.0002795638803466592,-5.027,-10.305,0.21499999999999986,-1.2889999999999997,152.458,17.0,2.63,2.63,0.9166666666666666,0.19016061941084472,20.0,230.844,0.0,0.8309999999999995,34.827,20.0,64.0926005884869,40.3879506035535,20.0
1063,1,Typical,click,Pferd,62.4311760021935,43777.5,1470,1101,1,-0.6522555619763815,4.496,7.67,0.022727272727272728,0.0003792188092529389,-6.055,-9.88,-0.12099999999999955,-2.243000000000001,147.17399999999998,17.0,3.4650000000000007,2.479000000000001,1.0,0.11968439300255372,20.0,227.091,0.0,0.3200000000000003,35.980000000000004,4.0,48.46719800578261,39.341101111093735,20.0
1063,1,Typical,click,Spatz,327.462041142687,175502.5,1181,700,2,-1.073959940972297,4.57,7.566,1.0,0.0055248618784530384,-1.347,-7.027,8.363000000000001,2.9330000000000007,144.0912,17.0,0.0,0.0,0.041666666666666664,6.366632781654495,17.0,141.23298,17.0,117.94501999999999,0.0,17.0,126.0473080182301,32.63877843707358,18.0
1063,1,Atypical,click,Aal,563.451886345198,383915.5,1917,620,2,0.0,4.24,7.477,1.0,0.0019011406844106464,-1.614,-8.125,5.753,3.359,144.142,17.0,0.0,0.0,0.041666666666666664,5.350612693200015,18.0,165.81730000000002,18.0,117.51970000000001,0.0,19.0,143.91418385457848,60.76871534313391,19.0
1063,1,Atypical,click,Fledermaus,1015.23809511269,210205.5,1910,1110,2,-0.010214292916856086,4.906,7.652,0.0018656716417910447,0.00028538812785388126,-8.734,-10.266,-5.031000000000001,-2.3259999999999996,165.516,16.0,0.0,0.0,1.0,0.013391970707803893,20.0,246.002,0.0,0.0,71.10400000000001,4.0,33.0876255149752,94.95394459707009,11.0
1063,1,Atypical,click,Schmetterling,-161.536004446311,-130087.0,1670,870,3,-0.36041862149477905,4.43,7.85,0.3333333333333333,0.002136752136752137,-2.312,-7.945,1.411,-0.47500000000000053,158.62099999999998,17.0,4.65,2.465,0.75,5.691326469022061,17.0,179.6365,16.0,10.327499999999999,28.194,4.0,82.81711961061038,45.56419321270815,20.0
1063,1,Atypical,click,Seeloewe,1044.72688086362,-38207.5,3174,2710,5,1.8341951709268713,4.348,7.875,0.05263157894736842,0.0005339028296849973,-5.105,-9.414,-2.9530000000000003,-0.4339999999999993,149.56099999999998,17.0,3.7669999999999995,3.7669999999999995,1.0,0.17601902325040447,20.0,221.144,0.0,0.0,42.194,21.0,46.43150387400727,85.84442051756527,20.0
1064,0,Atypical,click,Aal,105.890771196598,70698.0,1965,980,0,0.3646260989272589,4.24,7.477,1.0,0.0019011406844106464,-1.614,-8.125,5.753,3.359,144.142,17.0,0.0,0.0,0.041666666666666664,5.350612693200015,18.0,165.81730000000002,18.0,117.51970000000001,0.0,19.0,143.91418385457848,60.76871534313391,19.0
1064,0,Atypical,click,Fledermaus,107.009401437948,52307.0,1782,910,3,0.01804191468174804,4.906,7.652,0.0018656716417910447,0.00028538812785388126,-8.734,-10.266,-5.031000000000001,-2.3259999999999996,165.516,16.0,0.0,0.0,1.0,0.013391970707803893,20.0,246.002,0.0,0.0,71.10400000000001,4.0,33.0876255149752,94.95394459707009,11.0
1064,1,Typical,click,Alligator,-73.9089638972677,-47736.0,1317,900,1,-0.8626228157781566,4.45,7.72,1.0,0.0001318217769575534,-1.651,-11.46,3.199,-1.7800000000000011,145.1859,16.0,5.68,2.790000000000001,0.7916666666666666,2.046305650511986,22.0,255.92399999999998,4.0,14.643,48.59700000000001,18.0,75.12180909347863,53.99820243997104,18.0
1064,1,Typical,click,Chamaeleon,-97.6346298234575,-47775.0,2581,1660,1,1.5312701289558637,5.184,7.64,0.14285714285714285,0.00013747594171020073,-3.97,-11.42,-2.133,-3.9699999999999998,151.466,17.0,3.0470000000000015,2.112000000000001,1.0,0.32327882020439247,22.0,270.342,7.0,0.0,82.36999999999999,22.0,37.45162754661942,87.97747993854695,5.0
1064,1,Typical,click,Falke,548.249543595216,363215.5,1518,1150,2,-0.4819483839019397,4.1,7.598,1.0,0.005917159763313609,-1.225,-7.05,6.791,5.500000000000001,140.834,17.0,0.0,0.0,0.041666666666666664,6.282913899443543,17.0,142.54299999999998,17.0,169.77300000000002,0.0,17.0,155.26518118772736,52.5185607843192,18.0
1064,1,Typical,click,Goldfisch,-65.2745801462686,-38117.0,2117,940,0,0.6524993011421094,2.568,7.555,1.0,0.001451378809869376,-0.4539,-8.414,6.0731,3.2859999999999996,137.4658,17.0,0.3800000000000008,0.0,0.08333333333333333,5.254619675872444,18.0,162.2903,18.0,83.28269999999999,0.3800000000000008,19.0,130.99429335067194,65.66149375924455,19.0
1064,1,Typical,click,Hai,343.687008500358,292910.0,1111,630,2,-1.2527667608851252,3.463,7.656,0.5,0.0010214504596527069,-1.455,-8.75,6.6850000000000005,1.0549999999999997,146.10299999999998,17.0,0.0,0.0,0.041666666666666664,3.5044191848582944,19.0,170.33700000000002,18.0,66.883,0.0,19.0,115.92960434836164,32.52035186190416,19.0
1064,1,Typical,click,Hund,235.613641083093,202045.5,1149,660,2,-1.1807984603314123,4.71,7.824,0.07142857142857142,0.0003957261574990107,-4.895,-9.766,1.2930000000000001,-0.8559999999999999,145.851,16.0,0.9599999999999991,0.9599999999999991,0.75,0.2733185827431956,19.0,224.609,0.0,16.677,5.531000000000001,16.0,60.38654795132443,41.35746029182099,16.0
1064,1,Typical,click,Kaninchen,-54.271890958298,-22480.5,1358,790,0,-0.784972807285993,5.434,7.836,0.07142857142857142,0.0005599104143337066,-4.344,-9.39,0.8319999999999999,2.51,142.117,16.0,0.0,0.0,0.041666666666666664,0.22004211053077194,22.0,223.166,0.0,67.84799999999998,0.0,0.0,66.49600405715856,42.205436002072055,1.0
1064,1,Typical,click,Katze,-84.620069988427,-36383.0,2877,2300,0,2.091865312216362,5.355,7.812,0.1111111111111111,0.0004655493482309125,-4.63,-9.59,-0.06400000000000006,2.75,149.12400000000002,17.0,0.0,0.0,1.0,0.27924582434778517,22.0,223.119,0.0,61.901999999999994,0.06400000000000006,15.0,64.76828807422034,43.08931947855524,1.0
1064,1,Typical,click,Klapperschlange,82.3809907096899,36308.5,1877,1060,0,0.19796266606602964,4.68,7.582,0.14285714285714285,9.127418765972983e-05,-4.254,-12.266,1.883,-0.5960000000000001,159.38500000000002,17.0,6.5600000000000005,1.8800000000000008,0.7916666666666666,0.3341395210556347,22.0,272.101,17.0,8.696000000000002,39.196,19.0,57.67892111225579,46.71186066420429,19.0
1064,1,Typical,click,Lachs,-44.2790532304999,-7048.0,989,620,1,-1.4838228837154657,3.541,7.77,1.0,0.0009478672985781991,-1.035,-8.805,10.285,1.1550000000000011,144.0922,18.0,0.0,0.0,0.041666666666666664,6.089705803380613,17.0,161.35778,17.0,101.29222,0.0,18.0,183.51630680482114,40.1096654152545,18.0
1064,1,Typical,click,Loewe,1070.19362988121,598725.0,1741,1300,3,-0.05960809381041559,5.51,7.688,0.05,0.0002795638803466592,-5.027,-10.305,0.21499999999999986,-1.2889999999999997,152.458,17.0,2.63,2.63,0.9166666666666666,0.19016061941084472,20.0,230.844,0.0,0.8309999999999995,34.827,20.0,64.0926005884869,40.3879506035535,20.0
1064,1,Typical,click,Pferd,157.146026902841,116616.5,1285,780,1,-0.9232277004549673,4.496,7.67,0.022727272727272728,0.0003792188092529389,-6.055,-9.88,-0.12099999999999955,-2.243000000000001,147.17399999999998,17.0,3.4650000000000007,2.479000000000001,1.0,0.11968439300255372,20.0,227.091,0.0,0.3200000000000003,35.980000000000004,4.0,48.46719800578261,39.341101111093735,20.0
1064,1,Typical,click,Spatz,507.689403243988,380197.0,1557,1228,2,-0.40808618070207675,4.57,7.566,1.0,0.0055248618784530384,-1.347,-7.027,8.363000000000001,2.9330000000000007,144.0912,17.0,0.0,0.0,0.041666666666666664,6.366632781654495,17.0,141.23298,17.0,117.94501999999999,0.0,17.0,126.0473080182301,32.63877843707358,18.0
1064,1,Atypical,click,Pinguin,972.928331616229,466171.5,2429,1700,2,1.2433969267410132,3.906,7.797,1.0,0.00510204081632653,-1.1875,-7.18,1.3624999999999998,1.5999999999999996,145.61399999999998,17.0,0.0,0.0,0.041666666666666664,5.679021674422119,18.0,146.9875,17.0,33.1655,0.0,17.0,55.065940584902386,33.47984880766462,18.0
1064,1,Atypical,click,Schmetterling,765.998575317305,365742.0,1901,1380,1,0.2434163295736376,4.43,7.85,0.3333333333333333,0.002136752136752137,-2.312,-7.945,1.411,-0.47500000000000053,158.62099999999998,17.0,4.65,2.465,0.75,5.691326469022061,17.0,179.6365,16.0,10.327499999999999,28.194,4.0,82.81711961061038,45.56419321270815,20.0
1064,1,Atypical,click,Seeloewe,516.759712917878,405922.0,2373,2004,1,1.1373383785565945,4.348,7.875,0.05263157894736842,0.0005339028296849973,-5.105,-9.414,-2.9530000000000003,-0.4339999999999993,149.56099999999998,17.0,3.7669999999999995,3.7669999999999995,1.0,0.17601902325040447,20.0,221.144,0.0,0.0,42.194,21.0,46.43150387400727,85.84442051756527,20.0
1064,1,Atypical,click,Wal,833.670181565694,423630.5,1750,1261,1,-0.0425629699950626,4.02,7.723,0.125,0.0005310674455655868,-4.82,-9.46,-3.5730000000000004,-0.5150000000000006,146.208,17.0,3.4582999999999995,3.4582999999999995,1.0,0.30788095004842325,22.0,217.32299999999998,0.0,0.0600000000000005,42.3699,21.0,39.597979746446654,83.76453221196577,20.0
1065,0,Typical,touch,Hai,-60.256590700764,-16277.5,2231,2221,0,0.40384243181928187,3.463,7.656,0.5,0.0010214504596527069,-1.455,-8.75,6.6850000000000005,1.0549999999999997,146.10299999999998,17.0,0.0,0.0,0.041666666666666664,3.5044191848582944,19.0,170.33700000000002,18.0,66.883,0.0,19.0,115.92960434836164,32.52035186190416,19.0
1065,1,Typical,touch,Alligator,-30.7825019083121,-11715.5,2506,2156,0,1.0952174993998025,4.45,7.72,1.0,0.0001318217769575534,-1.651,-11.46,3.199,-1.7800000000000011,145.1859,16.0,5.68,2.790000000000001,0.7916666666666666,2.046305650511986,22.0,255.92399999999998,4.0,14.643,48.59700000000001,18.0,75.12180909347863,53.99820243997104,18.0
1065,1,Typical,touch,Chamaeleon,22.5961559075485,-7424.0,2611,2141,0,1.3591970706578194,5.184,7.64,0.14285714285714285,0.00013747594171020073,-3.97,-11.42,-2.133,-3.9699999999999998,151.466,17.0,3.0470000000000015,2.112000000000001,1.0,0.32327882020439247,22.0,270.342,7.0,0.0,82.36999999999999,22.0,37.45162754661942,87.97747993854695,5.0
1065,1,Typical,touch,Falke,-65.6836455196902,-24485.5,2221,1981,0,0.37870152027089926,4.1,7.598,1.0,0.005917159763313609,-1.225,-7.05,6.791,5.500000000000001,140.834,17.0,0.0,0.0,0.041666666666666664,6.282913899443543,17.0,142.54299999999998,17.0,169.77300000000002,0.0,17.0,155.26518118772736,52.5185607843192,18.0
1065,1,Typical,touch,Goldfisch,38.4640515293388,7064.5,1070,860,0,-2.515017398947934,2.568,7.555,1.0,0.001451378809869376,-0.4539,-8.414,6.0731,3.2859999999999996,137.4658,17.0,0.3800000000000008,0.0,0.08333333333333333,5.254619675872444,18.0,162.2903,18.0,83.28269999999999,0.3800000000000008,19.0,130.99429335067194,65.66149375924455,19.0
1065,1,Typical,touch,Hund,29.5887735258686,2974.0,1910,1740,1,-0.4031808288837986,4.71,7.824,0.07142857142857142,0.0003957261574990107,-4.895,-9.766,1.2930000000000001,-0.8559999999999999,145.851,16.0,0.9599999999999991,0.9599999999999991,0.75,0.2733185827431956,19.0,224.609,0.0,16.677,5.531000000000001,16.0,60.38654795132443,41.35746029182099,16.0
1065,1,Typical,touch,Kaninchen,-40.0034044430912,-16818.0,2230,1860,2,0.4013283406644436,5.434,7.836,0.07142857142857142,0.0005599104143337066,-4.344,-9.39,0.8319999999999999,2.51,142.117,16.0,0.0,0.0,0.041666666666666664,0.22004211053077194,22.0,223.166,0.0,67.84799999999998,0.0,0.0,66.49600405715856,42.205436002072055,1.0
1065,1,Typical,touch,Katze,-12.9604733776416,-6104.0,1951,1701,0,-0.30010309153543,5.355,7.812,0.1111111111111111,0.0004655493482309125,-4.63,-9.59,-0.06400000000000006,2.75,149.12400000000002,17.0,0.0,0.0,1.0,0.27924582434778517,22.0,223.119,0.0,61.901999999999994,0.06400000000000006,15.0,64.76828807422034,43.08931947855524,1.0
1065,1,Typical,touch,Klapperschlange,-104.161936587219,-59080.0,2777,2477,0,1.77653620236097,4.68,7.582,0.14285714285714285,9.127418765972983e-05,-4.254,-12.266,1.883,-0.5960000000000001,159.38500000000002,17.0,6.5600000000000005,1.8800000000000008,0.7916666666666666,0.3341395210556347,22.0,272.101,17.0,8.696000000000002,39.196,19.0,57.67892111225579,46.71186066420429,19.0
1065,1,Typical,touch,Lachs,-103.821045740374,-44066.5,2010,1670,0,-0.1517717133999729,3.541,7.77,1.0,0.0009478672985781991,-1.035,-8.805,10.285,1.1550000000000011,144.0922,18.0,0.0,0.0,0.041666666666666664,6.089705803380613,17.0,161.35778,17.0,101.29222,0.0,18.0,183.51630680482114,40.1096654152545,18.0
1065,1,Typical,touch,Loewe,-42.4846572816543,-25549.5,1790,1580,0,-0.7048717674643894,5.51,7.688,0.05,0.0002795638803466592,-5.027,-10.305,0.21499999999999986,-1.2889999999999997,152.458,17.0,2.63,2.63,0.9166666666666666,0.19016061941084472,20.0,230.844,0.0,0.8309999999999995,34.827,20.0,64.0926005884869,40.3879506035535,20.0
1065,1,Typical,touch,Pferd,43.9568952744443,17990.5,2020,1420,0,-0.12663080185159034,4.496,7.67,0.022727272727272728,0.0003792188092529389,-6.055,-9.88,-0.12099999999999955,-2.243000000000001,147.17399999999998,17.0,3.4650000000000007,2.479000000000001,1.0,0.11968439300255372,20.0,227.091,0.0,0.3200000000000003,35.980000000000004,4.0,48.46719800578261,39.341101111093735,20.0
1065,1,Typical,touch,Spatz,46.351078337351,17592.5,1480,1390,0,-1.484240025464249,4.57,7.566,1.0,0.0055248618784530384,-1.347,-7.027,8.363000000000001,2.9330000000000007,144.0912,17.0,0.0,0.0,0.041666666666666664,6.366632781654495,17.0,141.23298,17.0,117.94501999999999,0.0,17.0,126.0473080182301,32.63877843707358,18.0
1065,1,Atypical,touch,Aal,-148.661722365212,-69600.5,1790,1380,2,-0.7048717674643894,4.24,7.477,1.0,0.0019011406844106464,-1.614,-8.125,5.753,3.359,144.142,17.0,0.0,0.0,0.041666666666666664,5.350612693200015,18.0,165.81730000000002,18.0,117.51970000000001,0.0,19.0,143.91418385457848,60.76871534313391,19.0
1065,1,Atypical,touch,Fledermaus,14.2082078607022,3428.5,1970,1860,1,-0.2523353595935032,4.906,7.652,0.0018656716417910447,0.00028538812785388126,-8.734,-10.266,-5.031000000000001,-2.3259999999999996,165.516,16.0,0.0,0.0,1.0,0.013391970707803893,20.0,246.002,0.0,0.0,71.10400000000001,4.0,33.0876255149752,94.95394459707009,11.0
1065,1,Atypical,touch,Pinguin,-46.5240379021816,-63.5,2180,1390,1,0.27562378292253076,3.906,7.797,1.0,0.00510204081632653,-1.1875,-7.18,1.3624999999999998,1.5999999999999996,145.61399999999998,17.0,0.0,0.0,0.041666666666666664,5.679021674422119,18.0,146.9875,17.0,33.1655,0.0,17.0,55.065940584902386,33.47984880766462,18.0
1065,1,Atypical,touch,Schmetterling,-62.063125497846,-21544.0,1990,1460,0,-0.20205353649673805,4.43,7.85,0.3333333333333333,0.002136752136752137,-2.312,-7.945,1.411,-0.47500000000000053,158.62099999999998,17.0,4.65,2.465,0.75,5.691326469022061,17.0,179.6365,16.0,10.327499999999999,28.194,4.0,82.81711961061038,45.56419321270815,20.0
1065,1,Atypical,touch,Seeloewe,-81.6435209017469,-43212.0,2070,1940,0,-0.0009262441096774932,4.348,7.875,0.05263157894736842,0.0005339028296849973,-5.105,-9.414,-2.9530000000000003,-0.4339999999999993,149.56099999999998,17.0,3.7669999999999995,3.7669999999999995,1.0,0.17601902325040447,20.0,221.144,0.0,0.0,42.194,21.0,46.43150387400727,85.84442051756527,20.0
1065,1,Atypical,touch,Wal,1051.05560566851,340444.0,2530,1540,1,1.1555556871159207,4.02,7.723,0.125,0.0005310674455655868,-4.82,-9.46,-3.5730000000000004,-0.5150000000000006,146.208,17.0,3.4582999999999995,3.4582999999999995,1.0,0.30788095004842325,22.0,217.32299999999998,0.0,0.0600000000000005,42.3699,21.0,39.597979746446654,83.76453221196577,20.0
1066,0,Atypical,click,Fledermaus,1106.3175953873,68000.5,14750,14069,7,3.4058864723175395,4.906,7.652,0.0018656716417910447,0.00028538812785388126,-8.734,-10.266,-5.031000000000001,-2.3259999999999996,165.516,16.0,0.0,0.0,1.0,0.013391970707803893,20.0,246.002,0.0,0.0,71.10400000000001,4.0,33.0876255149752,94.95394459707009,11.0
1066,1,Typical,click,Alligator,117.036392078635,76591.0,1718,1101,0,-0.4996604069377808,4.45,7.72,1.0,0.0001318217769575534,-1.651,-11.46,3.199,-1.7800000000000011,145.1859,16.0,5.68,2.790000000000001,0.7916666666666666,2.046305650511986,22.0,255.92399999999998,4.0,14.643,48.59700000000001,18.0,75.12180909347863,53.99820243997104,18.0
1066,1,Typical,click,Chamaeleon,105.234869998014,78223.5,9310,3270,2,1.7755783827573075,5.184,7.64,0.14285714285714285,0.00013747594171020073,-3.97,-11.42,-2.133,-3.9699999999999998,151.466,17.0,3.0470000000000015,2.112000000000001,1.0,0.32327882020439247,22.0,270.342,7.0,0.0,82.36999999999999,22.0,37.45162754661942,87.97747993854695,5.0
1066,1,Typical,click,Falke,-37.8080979714224,2595.0,2221,1060,0,-0.3489168464508696,4.1,7.598,1.0,0.005917159763313609,-1.225,-7.05,6.791,5.500000000000001,140.834,17.0,0.0,0.0,0.041666666666666664,6.282913899443543,17.0,142.54299999999998,17.0,169.77300000000002,0.0,17.0,155.26518118772736,52.5185607843192,18.0
1066,1,Typical,click,Goldfisch,50.3404779819521,23129.5,2277,1780,0,-0.3321342631759849,2.568,7.555,1.0,0.001451378809869376,-0.4539,-8.414,6.0731,3.2859999999999996,137.4658,17.0,0.3800000000000008,0.0,0.08333333333333333,5.254619675872444,18.0,162.2903,18.0,83.28269999999999,0.3800000000000008,19.0,130.99429335067194,65.66149375924455,19.0
1066,1,Typical,click,Hai,-52.9722050761176,-20772.5,2638,781,0,-0.22394653885038862,3.463,7.656,0.5,0.0010214504596527069,-1.455,-8.75,6.6850000000000005,1.0549999999999997,146.10299999999998,17.0,0.0,0.0,0.041666666666666664,3.5044191848582944,19.0,170.33700000000002,18.0,66.883,0.0,19.0,115.92960434836164,32.52035186190416,19.0
1066,1,Typical,click,Hund,173.797802007567,85267.5,1565,748,0,-0.5455128219566623,4.71,7.824,0.07142857142857142,0.0003957261574990107,-4.895,-9.766,1.2930000000000001,-0.8559999999999999,145.851,16.0,0.9599999999999991,0.9599999999999991,0.75,0.2733185827431956,19.0,224.609,0.0,16.677,5.531000000000001,16.0,60.38654795132443,41.35746029182099,16.0
1066,1,Typical,click,Kaninchen,-75.9615166885928,-55020.0,2246,1261,0,-0.34142462177458177,5.434,7.836,0.07142857142857142,0.0005599104143337066,-4.344,-9.39,0.8319999999999999,2.51,142.117,16.0,0.0,0.0,0.041666666666666664,0.22004211053077194,22.0,223.166,0.0,67.84799999999998,0.0,0.0,66.49600405715856,42.205436002072055,1.0
1066,1,Typical,click,Katze,56.5715458444105,33610.5,1590,900,1,-0.5380205972803744,5.355,7.812,0.1111111111111111,0.0004655493482309125,-4.63,-9.59,-0.06400000000000006,2.75,149.12400000000002,17.0,0.0,0.0,1.0,0.27924582434778517,22.0,223.119,0.0,61.901999999999994,0.06400000000000006,15.0,64.76828807422034,43.08931947855524,1.0
1066,1,Typical,click,Klapperschlange,55.7841114155955,39298.5,1629,940,1,-0.5263327267853655,4.68,7.582,0.14285714285714285,9.127418765972983e-05,-4.254,-12.266,1.883,-0.5960000000000001,159.38500000000002,17.0,6.5600000000000005,1.8800000000000008,0.7916666666666666,0.3341395210556347,22.0,272.101,17.0,8.696000000000002,39.196,19.0,57.67892111225579,46.71186066420429,19.0
1066,1,Typical,click,Lachs,67.7287893800463,46048.0,1701,1165,1,-0.5047551197176565,3.541,7.77,1.0,0.0009478672985781991,-1.035,-8.805,10.285,1.1550000000000011,144.0922,18.0,0.0,0.0,0.041666666666666664,6.089705803380613,17.0,161.35778,17.0,101.29222,0.0,18.0,183.51630680482114,40.1096654152545,18.0
1066,1,Typical,click,Loewe,-35.1072048585897,-22017.5,1613,780,1,-0.5311277505781896,5.51,7.688,0.05,0.0002795638803466592,-5.027,-10.305,0.21499999999999986,-1.2889999999999997,152.458,17.0,2.63,2.63,0.9166666666666666,0.19016061941084472,20.0,230.844,0.0,0.8309999999999995,34.827,20.0,64.0926005884869,40.3879506035535,20.0
1066,1,Typical,click,Pferd,76.0361764185031,23442.5,3381,980,1,-0.0012776214711142885,4.496,7.67,0.022727272727272728,0.0003792188092529389,-6.055,-9.88,-0.12099999999999955,-2.243000000000001,147.17399999999998,17.0,3.4650000000000007,2.479000000000001,1.0,0.11968439300255372,20.0,227.091,0.0,0.3200000000000003,35.980000000000004,4.0,48.46719800578261,39.341101111093735,20.0
1066,1,Typical,click,Spatz,74.101661472634,20903.0,1413,860,1,-0.5910655479884923,4.57,7.566,1.0,0.0055248618784530384,-1.347,-7.027,8.363000000000001,2.9330000000000007,144.0912,17.0,0.0,0.0,0.041666666666666664,6.366632781654495,17.0,141.23298,17.0,117.94501999999999,0.0,17.0,126.0473080182301,32.63877843707358,18.0
1066,1,Atypical,click,Aal,451.712841277209,19766.0,4693,3316,2,0.39191432954047106,4.24,7.477,1.0,0.0019011406844106464,-1.614,-8.125,5.753,3.359,144.142,17.0,0.0,0.0,0.041666666666666664,5.350612693200015,18.0,165.81730000000002,18.0,117.51970000000001,0.0,19.0,143.91418385457848,60.76871534313391,19.0
1066,1,Atypical,click,Pinguin,306.719792502308,174744.0,2711,2190,1,-0.20206924279562816,3.906,7.797,1.0,0.00510204081632653,-1.1875,-7.18,1.3624999999999998,1.5999999999999996,145.61399999999998,17.0,0.0,0.0,0.041666666666666664,5.679021674422119,18.0,146.9875,17.0,33.1655,0.0,17.0,55.065940584902386,33.47984880766462,18.0
1066,1,Atypical,click,Schmetterling,106.269486455227,69155.0,2197,1412,0,-0.35610938214010596,4.43,7.85,0.3333333333333333,0.002136752136752137,-2.312,-7.945,1.411,-0.47500000000000053,158.62099999999998,17.0,4.65,2.465,0.75,5.691326469022061,17.0,179.6365,16.0,10.327499999999999,28.194,4.0,82.81711961061038,45.56419321270815,20.0
1066,1,Atypical,click,Seeloewe,-36.4019417047667,-9757.0,5046,2981,0,0.49770454196965525,4.348,7.875,0.05263157894736842,0.0005339028296849973,-5.105,-9.414,-2.9530000000000003,-0.4339999999999993,149.56099999999998,17.0,3.7669999999999995,3.7669999999999995,1.0,0.17601902325040447,20.0,221.144,0.0,0.0,42.194,21.0,46.43150387400727,85.84442051756527,20.0
1066,1,Atypical,click,Wal,417.404671369979,236067.0,1621,1060,2,-0.5287302386817776,4.02,7.723,0.125,0.0005310674455655868,-4.82,-9.46,-3.5730000000000004,-0.5150000000000006,146.208,17.0,3.4582999999999995,3.4582999999999995,1.0,0.30788095004842325,22.0,217.32299999999998,0.0,0.0600000000000005,42.3699,21.0,39.597979746446654,83.76453221196577,20.0
1067,0,Atypical,touch,Fledermaus,486.531211746627,193923.0,1360,1020,1,-0.07845617635534925,4.906,7.652,0.0018656716417910447,0.00028538812785388126,-8.734,-10.266,-5.031000000000001,-2.3259999999999996,165.516,16.0,0.0,0.0,1.0,0.013391970707803893,20.0,246.002,0.0,0.0,71.10400000000001,4.0,33.0876255149752,94.95394459707009,11.0
1067,1,Typical,touch,Alligator,108.277561846373,65595.0,1350,1110,0,-0.12577894939508374,4.45,7.72,1.0,0.0001318217769575534,-1.651,-11.46,3.199,-1.7800000000000011,145.1859,16.0,5.68,2.790000000000001,0.7916666666666666,2.046305650511986,22.0,255.92399999999998,4.0,14.643,48.59700000000001,18.0,75.12180909347863,53.99820243997104,18.0
1067,1,Typical,touch,Chamaeleon,-41.154945188676,-32183.0,1390,1260,0,0.06351214276385425,5.184,7.64,0.14285714285714285,0.00013747594171020073,-3.97,-11.42,-2.133,-3.9699999999999998,151.466,17.0,3.0470000000000015,2.112000000000001,1.0,0.32327882020439247,22.0,270.342,7.0,0.0,82.36999999999999,22.0,37.45162754661942,87.97747993854695,5.0
1067,1,Typical,touch,Falke,-28.3036177019293,-907.0,1430,1180,0,0.2528032349227923,4.1,7.598,1.0,0.005917159763313609,-1.225,-7.05,6.791,5.500000000000001,140.834,17.0,0.0,0.0,0.041666666666666664,6.282913899443543,17.0,142.54299999999998,17.0,169.77300000000002,0.0,17.0,155.26518118772736,52.5185607843192,18.0
1067,1,Typical,touch,Goldfisch,-70.753632317736,-31531.0,1326,996,1,-0.23935360469044656,2.568,7.555,1.0,0.001451378809869376,-0.4539,-8.414,6.0731,3.2859999999999996,137.4658,17.0,0.3800000000000008,0.0,0.08333333333333333,5.254619675872444,18.0,162.2903,18.0,83.28269999999999,0.3800000000000008,19.0,130.99429335067194,65.66149375924455,19.0
1067,1,Typical,touch,Hai,-26.7551163132841,-2298.0,1390,1060,0,0.06351214276385425,3.463,7.656,0.5,0.0010214504596527069,-1.455,-8.75,6.6850000000000005,1.0549999999999997,146.10299999999998,17.0,0.0,0.0,0.041666666666666664,3.5044191848582944,19.0,170.33700000000002,18.0,66.883,0.0,19.0,115.92960434836164,32.52035186190416,19.0
1067,1,Typical,touch,Hund,-38.4080584782601,-17942.5,936,676,1,-2.0849417532400922,4.71,7.824,0.07142857142857142,0.0003957261574990107,-4.895,-9.766,1.2930000000000001,-0.8559999999999999,145.851,16.0,0.9599999999999991,0.9599999999999991,0.75,0.2733185827431956,19.0,224.609,0.0,16.677,5.531000000000001,16.0,60.38654795132443,41.35746029182099,16.0
1067,1,Typical,touch,Kaninchen,-26.0787653751805,-3056.5,1233,973,0,-0.6794553939599774,5.434,7.836,0.07142857142857142,0.0005599104143337066,-4.344,-9.39,0.8319999999999999,2.51,142.117,16.0,0.0,0.0,0.041666666666666664,0.22004211053077194,22.0,223.166,0.0,67.84799999999998,0.0,0.0,66.49600405715856,42.205436002072055,1.0
1067,1,Typical,touch,Katze,-34.1407609559188,-8818.0,1377,997,0,0.001992537812199404,5.355,7.812,0.1111111111111111,0.0004655493482309125,-4.63,-9.59,-0.06400000000000006,2.75,149.12400000000002,17.0,0.0,0.0,1.0,0.27924582434778517,22.0,223.119,0.0,61.901999999999994,0.06400000000000006,15.0,64.76828807422034,43.08931947855524,1.0
1067,1,Typical,touch,Klapperschlange,768.640896345025,373613.0,1910,1630,1,2.5242963408300483,4.68,7.582,0.14285714285714285,9.127418765972983e-05,-4.254,-12.266,1.883,-0.5960000000000001,159.38500000000002,17.0,6.5600000000000005,1.8800000000000008,0.7916666666666666,0.3341395210556347,22.0,272.101,17.0,8.696000000000002,39.196,19.0,57.67892111225579,46.71186066420429,19.0
1067,1,Typical,touch,Lachs,-39.5433141359597,-15361.5,1327,1117,0,-0.2346213273864731,3.541,7.77,1.0,0.0009478672985781991,-1.035,-8.805,10.285,1.1550000000000011,144.0922,18.0,0.0,0.0,0.041666666666666664,6.089705803380613,17.0,161.35778,17.0,101.29222,0.0,18.0,183.51630680482114,40.1096654152545,18.0
1067,1,Typical,touch,Loewe,-45.5028378026162,-29159.0,1310,1100,0,-0.31507004155402174,5.51,7.688,0.05,0.0002795638803466592,-5.027,-10.305,0.21499999999999986,-1.2889999999999997,152.458,17.0,2.63,2.63,0.9166666666666666,0.19016061941084472,20.0,230.844,0.0,0.8309999999999995,34.827,20.0,64.0926005884869,40.3879506035535,20.0
1067,1,Typical,touch,Pferd,-25.299573276903,-10713.5,992,702,0,-1.8199342242175789,4.496,7.67,0.022727272727272728,0.0003792188092529389,-6.055,-9.88,-0.12099999999999955,-2.243000000000001,147.17399999999998,17.0,3.4650000000000007,2.479000000000001,1.0,0.11968439300255372,20.0,227.091,0.0,0.3200000000000003,35.980000000000004,4.0,48.46719800578261,39.341101111093735,20.0
1067,1,Typical,touch,Spatz,-53.033961990261,-27632.5,1390,1220,0,0.06351214276385425,4.57,7.566,1.0,0.0055248618784530384,-1.347,-7.027,8.363000000000001,2.9330000000000007,144.0912,17.0,0.0,0.0,0.041666666666666664,6.366632781654495,17.0,141.23298,17.0,117.94501999999999,0.0,17.0,126.0473080182301,32.63877843707358,18.0
1067,1,Atypical,touch,Aal,782.486888138868,537828.5,1421,1221,2,0.2102127391870312,4.24,7.477,1.0,0.0019011406844106464,-1.614,-8.125,5.753,3.359,144.142,17.0,0.0,0.0,0.041666666666666664,5.350612693200015,18.0,165.81730000000002,18.0,117.51970000000001,0.0,19.0,143.91418385457848,60.76871534313391,19.0
1067,1,Atypical,touch,Pinguin,-33.3999115268306,-22132.0,1488,1348,0,0.5272753185532524,3.906,7.797,1.0,0.00510204081632653,-1.1875,-7.18,1.3624999999999998,1.5999999999999996,145.61399999999998,17.0,0.0,0.0,0.041666666666666664,5.679021674422119,18.0,146.9875,17.0,33.1655,0.0,17.0,55.065940584902386,33.47984880766462,18.0
1067,1,Atypical,touch,Schmetterling,35.5505256201325,4546.5,1720,1430,0,1.6251636530750928,4.43,7.85,0.3333333333333333,0.002136752136752137,-2.312,-7.945,1.411,-0.47500000000000053,158.62099999999998,17.0,4.65,2.465,0.75,5.691326469022061,17.0,179.6365,16.0,10.327499999999999,28.194,4.0,82.81711961061038,45.56419321270815,20.0
1067,1,Atypical,touch,Seeloewe,-109.770726967078,-51414.0,1470,1060,1,0.4420943270817303,4.348,7.875,0.05263157894736842,0.0005339028296849973,-5.105,-9.414,-2.9530000000000003,-0.4339999999999993,149.56099999999998,17.0,3.7669999999999995,3.7669999999999995,1.0,0.17601902325040447,20.0,221.144,0.0,0.0,42.194,21.0,46.43150387400727,85.84442051756527,20.0
1067,1,Atypical,touch,Wal,337.09629870969,188236.0,1335,1125,1,-0.19676310895468552,4.02,7.723,0.125,0.0005310674455655868,-4.82,-9.46,-3.5730000000000004,-0.5150000000000006,146.208,17.0,3.4582999999999995,3.4582999999999995,1.0,0.30788095004842325,22.0,217.32299999999998,0.0,0.0600000000000005,42.3699,21.0,39.597979746446654,83.76453221196577,20.0
1068,0,Typical,click,Klapperschlange,-92.913150699442,-60767.5,1798,814,0,0.04261500860183359,4.68,7.582,0.14285714285714285,9.127418765972983e-05,-4.254,-12.266,1.883,-0.5960000000000001,159.38500000000002,17.0,6.5600000000000005,1.8800000000000008,0.7916666666666666,0.3341395210556347,22.0,272.101,17.0,8.696000000000002,39.196,19.0,57.67892111225579,46.71186066420429,19.0
1068,0,Atypical,click,Wal,1138.94707771776,377975.0,3302,1221,2,1.044067710744923,4.02,7.723,0.125,0.0005310674455655868,-4.82,-9.46,-3.5730000000000004,-0.5150000000000006,146.208,17.0,3.4582999999999995,3.4582999999999995,1.0,0.30788095004842325,22.0,217.32299999999998,0.0,0.0600000000000005,42.3699,21.0,39.597979746446654,83.76453221196577,20.0
1068,1,Typical,click,Alligator,34.9930891848776,13941.0,926,620,0,-0.5380144835981491,4.45,7.72,1.0,0.0001318217769575534,-1.651,-11.46,3.199,-1.7800000000000011,145.1859,16.0,5.68,2.790000000000001,0.7916666666666666,2.046305650511986,22.0,255.92399999999998,4.0,14.643,48.59700000000001,18.0,75.12180909347863,53.99820243997104,18.0
1068,1,Typical,click,Chamaeleon,50.7320509478855,24609.0,1645,780,0,-0.05926149633692484,5.184,7.64,0.14285714285714285,0.00013747594171020073,-3.97,-11.42,-2.133,-3.9699999999999998,151.466,17.0,3.0470000000000015,2.112000000000001,1.0,0.32327882020439247,22.0,270.342,7.0,0.0,82.36999999999999,22.0,37.45162754661942,87.97747993854695,5.0
1068,1,Typical,click,Falke,147.883591306972,124784.0,1086,670,1,-0.4314769620935651,4.1,7.598,1.0,0.005917159763313609,-1.225,-7.05,6.791,5.500000000000001,140.834,17.0,0.0,0.0,0.041666666666666664,6.282913899443543,17.0,142.54299999999998,17.0,169.77300000000002,0.0,17.0,155.26518118772736,52.5185607843192,18.0
1068,1,Typical,click,Goldfisch,32.4666178100844,-4282.5,958,700,1,-0.5167069792972323,2.568,7.555,1.0,0.001451378809869376,-0.4539,-8.414,6.0731,3.2859999999999996,137.4658,17.0,0.3800000000000008,0.0,0.08333333333333333,5.254619675872444,18.0,162.2903,18.0,83.28269999999999,0.3800000000000008,19.0,130.99429335067194,65.66149375924455,19.0
1068,1,Typical,click,Hai,545.437961336874,-15215.5,7525,1540,2,3.8559924189565367,3.463,7.656,0.5,0.0010214504596527069,-1.455,-8.75,6.6850000000000005,1.0549999999999997,146.10299999999998,17.0,0.0,0.0,0.041666666666666664,3.5044191848582944,19.0,170.33700000000002,18.0,66.883,0.0,19.0,115.92960434836164,32.52035186190416,19.0
1068,1,Typical,click,Hund,17.8092619532859,9685.5,1222,741,0,-0.34092006881466874,4.71,7.824,0.07142857142857142,0.0003957261574990107,-4.895,-9.766,1.2930000000000001,-0.8559999999999999,145.851,16.0,0.9599999999999991,0.9599999999999991,0.75,0.2733185827431956,19.0,224.609,0.0,16.677,5.531000000000001,16.0,60.38654795132443,41.35746029182099,16.0
1068,1,Typical,click,Kaninchen,-36.8512898817264,-10310.5,925,660,0,-0.5386803431075528,5.434,7.836,0.07142857142857142,0.0005599104143337066,-4.344,-9.39,0.8319999999999999,2.51,142.117,16.0,0.0,0.0,0.041666666666666664,0.22004211053077194,22.0,223.166,0.0,67.84799999999998,0.0,0.0,66.49600405715856,42.205436002072055,1.0
1068,1,Typical,click,Katze,-35.3302198608508,-11223.0,1221,700,1,-0.3415859283240724,5.355,7.812,0.1111111111111111,0.0004655493482309125,-4.63,-9.59,-0.06400000000000006,2.75,149.12400000000002,17.0,0.0,0.0,1.0,0.27924582434778517,22.0,223.119,0.0,61.901999999999994,0.06400000000000006,15.0,64.76828807422034,43.08931947855524,1.0
1068,1,Typical,click,Lachs,43.8800186104324,14501.5,1253,660,1,-0.3202784240231556,3.541,7.77,1.0,0.0009478672985781991,-1.035,-8.805,10.285,1.1550000000000011,144.0922,18.0,0.0,0.0,0.041666666666666664,6.089705803380613,17.0,161.35778,17.0,101.29222,0.0,18.0,183.51630680482114,40.1096654152545,18.0
1068,1,Typical,click,Loewe,-92.5984761250914,-30800.5,1174,780,1,-0.37288132526604395,5.51,7.688,0.05,0.0002795638803466592,-5.027,-10.305,0.21499999999999986,-1.2889999999999997,152.458,17.0,2.63,2.63,0.9166666666666666,0.19016061941084472,20.0,230.844,0.0,0.8309999999999995,34.827,20.0,64.0926005884869,40.3879506035535,20.0
1068,1,Typical,click,Pferd,100.172561210375,75179.5,1126,580,0,-0.40484258171741916,4.496,7.67,0.022727272727272728,0.0003792188092529389,-6.055,-9.88,-0.12099999999999955,-2.243000000000001,147.17399999999998,17.0,3.4650000000000007,2.479000000000001,1.0,0.11968439300255372,20.0,227.091,0.0,0.3200000000000003,35.980000000000004,4.0,48.46719800578261,39.341101111093735,20.0
1068,1,Typical,click,Spatz,61.3852255766274,57475.0,1397,820,1,-0.22439465466903002,4.57,7.566,1.0,0.0055248618784530384,-1.347,-7.027,8.363000000000001,2.9330000000000007,144.0912,17.0,0.0,0.0,0.041666666666666664,6.366632781654495,17.0,141.23298,17.0,117.94501999999999,0.0,17.0,126.0473080182301,32.63877843707358,18.0
1068,1,Atypical,click,Aal,67.6338551512087,3597.5,1181,700,0,-0.3682203087002184,4.24,7.477,1.0,0.0019011406844106464,-1.614,-8.125,5.753,3.359,144.142,17.0,0.0,0.0,0.041666666666666664,5.350612693200015,18.0,165.81730000000002,18.0,117.51970000000001,0.0,19.0,143.91418385457848,60.76871534313391,19.0
1068,1,Atypical,click,Fledermaus,954.392278913792,538172.0,1750,1301,1,0.010653752150458398,4.906,7.652,0.0018656716417910447,0.00028538812785388126,-8.734,-10.266,-5.031000000000001,-2.3259999999999996,165.516,16.0,0.0,0.0,1.0,0.013391970707803893,20.0,246.002,0.0,0.0,71.10400000000001,4.0,33.0876255149752,94.95394459707009,11.0
1068,1,Atypical,click,Pinguin,33.9495558514212,4870.0,1438,660,0,-0.19709441478348036,3.906,7.797,1.0,0.00510204081632653,-1.1875,-7.18,1.3624999999999998,1.5999999999999996,145.61399999999998,17.0,0.0,0.0,0.041666666666666664,5.679021674422119,18.0,146.9875,17.0,33.1655,0.0,17.0,55.065940584902386,33.47984880766462,18.0
1068,1,Atypical,click,Schmetterling,207.519211770611,51411.0,1182,710,3,-0.36755444919081476,4.43,7.85,0.3333333333333333,0.002136752136752137,-2.312,-7.945,1.411,-0.47500000000000053,158.62099999999998,17.0,4.65,2.465,0.75,5.691326469022061,17.0,179.6365,16.0,10.327499999999999,28.194,4.0,82.81711961061038,45.56419321270815,20.0
1068,1,Atypical,click,Seeloewe,928.672798583994,656874.5,1837,1412,2,0.06858352946857595,4.348,7.875,0.05263157894736842,0.0005339028296849973,-5.105,-9.414,-2.9530000000000003,-0.4339999999999993,149.56099999999998,17.0,3.7669999999999995,3.7669999999999995,1.0,0.17601902325040447,20.0,221.144,0.0,0.0,42.194,21.0,46.43150387400727,85.84442051756527,20.0
1069,0,Typical,touch,Klapperschlange,-80.0096111114019,-51741.0,2470,1540,0,1.848126185798334,4.68,7.582,0.14285714285714285,9.127418765972983e-05,-4.254,-12.266,1.883,-0.5960000000000001,159.38500000000002,17.0,6.5600000000000005,1.8800000000000008,0.7916666666666666,0.3341395210556347,22.0,272.101,17.0,8.696000000000002,39.196,19.0,57.67892111225579,46.71186066420429,19.0
1069,0,Atypical,touch,Fledermaus,-37.3398570011764,-24219.5,1410,1300,1,-0.5784506042126477,4.906,7.652,0.0018656716417910447,0.00028538812785388126,-8.734,-10.266,-5.031000000000001,-2.3259999999999996,165.516,16.0,0.0,0.0,1.0,0.013391970707803893,20.0,246.002,0.0,0.0,71.10400000000001,4.0,33.0876255149752,94.95394459707009,11.0
1069,1,Typical,touch,Alligator,-85.6113211107427,-55543.5,1585,1445,1,-0.1778365115221555,4.45,7.72,1.0,0.0001318217769575534,-1.651,-11.46,3.199,-1.7800000000000011,145.1859,16.0,5.68,2.790000000000001,0.7916666666666666,2.046305650511986,22.0,255.92399999999998,4.0,14.643,48.59700000000001,18.0,75.12180909347863,53.99820243997104,18.0
1069,1,Typical,touch,Chamaeleon,-119.127766982635,-42616.5,2049,1669,2,0.8843631399543498,5.184,7.64,0.14285714285714285,0.00013747594171020073,-3.97,-11.42,-2.133,-3.9699999999999998,151.466,17.0,3.0470000000000015,2.112000000000001,1.0,0.32327882020439247,22.0,270.342,7.0,0.0,82.36999999999999,22.0,37.45162754661942,87.97747993854695,5.0
1069,1,Typical,touch,Falke,-296.98484809835,-256047.5,1550,1500,0,-0.25795933006025396,4.1,7.598,1.0,0.005917159763313609,-1.225,-7.05,6.791,5.500000000000001,140.834,17.0,0.0,0.0,0.041666666666666664,6.282913899443543,17.0,142.54299999999998,17.0,169.77300000000002,0.0,17.0,155.26518118772736,52.5185607843192,18.0
1069,1,Typical,touch,Goldfisch,-61.7178719895032,-47832.5,1861,1541,0,0.45398914323542094,2.568,7.555,1.0,0.001451378809869376,-0.4539,-8.414,6.0731,3.2859999999999996,137.4658,17.0,0.3800000000000008,0.0,0.08333333333333333,5.254619675872444,18.0,162.2903,18.0,83.28269999999999,0.3800000000000008,19.0,130.99429335067194,65.66149375924455,19.0
1069,1,Typical,touch,Hai,-12.6452534030953,-6701.5,2159,2069,0,1.1361777125026593,3.463,7.656,0.5,0.0010214504596527069,-1.455,-8.75,6.6850000000000005,1.0549999999999997,146.10299999999998,17.0,0.0,0.0,0.041666666666666664,3.5044191848582944,19.0,170.33700000000002,18.0,66.883,0.0,19.0,115.92960434836164,32.52035186190416,19.0
1069,1,Typical,touch,Hund,-161.562323043587,-92624.5,1080,810,0,-1.333894321857576,4.71,7.824,0.07142857142857142,0.0003957261574990107,-4.895,-9.766,1.2930000000000001,-0.8559999999999999,145.851,16.0,0.9599999999999991,0.9599999999999991,0.75,0.2733185827431956,19.0,224.609,0.0,16.677,5.531000000000001,16.0,60.38654795132443,41.35746029182099,16.0
1069,1,Typical,touch,Kaninchen,-120.720406769619,-81825.0,1502,1462,0,-0.367842052626789,5.434,7.836,0.07142857142857142,0.0005599104143337066,-4.344,-9.39,0.8319999999999999,2.51,142.117,16.0,0.0,0.0,0.041666666666666664,0.22004211053077194,22.0,223.166,0.0,67.84799999999998,0.0,0.0,66.49600405715856,42.205436002072055,1.0
1069,1,Typical,touch,Katze,-182.75977682085,-113015.0,1110,980,0,-1.2652176202534917,5.355,7.812,0.1111111111111111,0.0004655493482309125,-4.63,-9.59,-0.06400000000000006,2.75,149.12400000000002,17.0,0.0,0.0,1.0,0.27924582434778517,22.0,223.119,0.0,61.901999999999994,0.06400000000000006,15.0,64.76828807422034,43.08931947855524,1.0
1069,1,Typical,touch,Lachs,-86.7736371564124,-55074.0,1472,1422,0,-0.4365187542308734,3.541,7.77,1.0,0.0009478672985781991,-1.035,-8.805,10.285,1.1550000000000011,144.0922,18.0,0.0,0.0,0.041666666666666664,6.089705803380613,17.0,161.35778,17.0,101.29222,0.0,18.0,183.51630680482114,40.1096654152545,18.0
1069,1,Typical,touch,Loewe,-70.4741977148756,-47810.5,1873,1733,0,0.48145982387705466,5.51,7.688,0.05,0.0002795638803466592,-5.027,-10.305,0.21499999999999986,-1.2889999999999997,152.458,17.0,2.63,2.63,0.9166666666666666,0.19016061941084472,20.0,230.844,0.0,0.8309999999999995,34.827,20.0,64.0926005884869,40.3879506035535,20.0
1069,1,Typical,touch,Pferd,-83.1954431311452,-51283.0,830,780,0,-1.9062001685582795,4.496,7.67,0.022727272727272728,0.0003792188092529389,-6.055,-9.88,-0.12099999999999955,-2.243000000000001,147.17399999999998,17.0,3.4650000000000007,2.479000000000001,1.0,0.11968439300255372,20.0,227.091,0.0,0.3200000000000003,35.980000000000004,4.0,48.46719800578261,39.341101111093735,20.0
1069,1,Typical,touch,Spatz,-76.900177238511,-50538.5,1680,1630,0,0.03963971022411176,4.57,7.566,1.0,0.0055248618784530384,-1.347,-7.027,8.363000000000001,2.9330000000000007,144.0912,17.0,0.0,0.0,0.041666666666666664,6.366632781654495,17.0,141.23298,17.0,117.94501999999999,0.0,17.0,126.0473080182301,32.63877843707358,18.0
1069,1,Atypical,touch,Aal,-140.616499743096,-96964.0,1867,1597,0,0.4677244835562378,4.24,7.477,1.0,0.0019011406844106464,-1.614,-8.125,5.753,3.359,144.142,17.0,0.0,0.0,0.041666666666666664,5.350612693200015,18.0,165.81730000000002,18.0,117.51970000000001,0.0,19.0,143.91418385457848,60.76871534313391,19.0
1069,1,Atypical,touch,Pinguin,-49.0532270679959,-23311.0,1694,1604,0,0.07168883763935115,3.906,7.797,1.0,0.00510204081632653,-1.1875,-7.18,1.3624999999999998,1.5999999999999996,145.61399999999998,17.0,0.0,0.0,0.041666666666666664,5.679021674422119,18.0,146.9875,17.0,33.1655,0.0,17.0,55.065940584902386,33.47984880766462,18.0
1069,1,Atypical,touch,Schmetterling,-76.0493699863733,-55861.0,1906,1756,0,0.5570041956415475,4.43,7.85,0.3333333333333333,0.002136752136752137,-2.312,-7.945,1.411,-0.47500000000000053,158.62099999999998,17.0,4.65,2.465,0.75,5.691326469022061,17.0,179.6365,16.0,10.327499999999999,28.194,4.0,82.81711961061038,45.56419321270815,20.0
1069,1,Atypical,touch,Seeloewe,-121.753372407871,-92183.5,2340,2300,0,1.5505271455139684,4.348,7.875,0.05263157894736842,0.0005339028296849973,-5.105,-9.414,-2.9530000000000003,-0.4339999999999993,149.56099999999998,17.0,3.7669999999999995,3.7669999999999995,1.0,0.17601902325040447,20.0,221.144,0.0,0.0,42.194,21.0,46.43150387400727,85.84442051756527,20.0
1069,1,Atypical,touch,Wal,-92.5218406735429,-73974.5,1153,1053,0,-1.1667810146209707,4.02,7.723,0.125,0.0005310674455655868,-4.82,-9.46,-3.5730000000000004,-0.5150000000000006,146.208,17.0,3.4582999999999995,3.4582999999999995,1.0,0.30788095004842325,22.0,217.32299999999998,0.0,0.0600000000000005,42.3699,21.0,39.597979746446654,83.76453221196577,20.0
1070,0,Atypical,click,Fledermaus,131.383400821067,91713.5,2222,1110,0,-0.1595336806579597,4.906,7.652,0.0018656716417910447,0.00028538812785388126,-8.734,-10.266,-5.031000000000001,-2.3259999999999996,165.516,16.0,0.0,0.0,1.0,0.013391970707803893,20.0,246.002,0.0,0.0,71.10400000000001,4.0,33.0876255149752,94.95394459707009,11.0
1070,1,Typical,click,Alligator,-92.0307903877236,-50753.5,1718,1230,0,-0.33456742561449293,4.45,7.72,1.0,0.0001318217769575534,-1.651,-11.46,3.199,-1.7800000000000011,145.1859,16.0,5.68,2.790000000000001,0.7916666666666666,2.046305650511986,22.0,255.92399999999998,4.0,14.643,48.59700000000001,18.0,75.12180909347863,53.99820243997104,18.0
1070,1,Typical,click,Chamaeleon,-198.733538712352,-102649.5,2734,1357,3,0.018278377710581963,5.184,7.64,0.14285714285714285,0.00013747594171020073,-3.97,-11.42,-2.133,-3.9699999999999998,151.466,17.0,3.0470000000000015,2.112000000000001,1.0,0.32327882020439247,22.0,270.342,7.0,0.0,82.36999999999999,22.0,37.45162754661942,87.97747993854695,5.0
1070,1,Typical,click,Falke,-77.0947078836346,-51382.5,1310,750,0,-0.47626140962692454,4.1,7.598,1.0,0.005917159763313609,-1.225,-7.05,6.791,5.500000000000001,140.834,17.0,0.0,0.0,0.041666666666666664,6.282913899443543,17.0,142.54299999999998,17.0,169.77300000000002,0.0,17.0,155.26518118772736,52.5185607843192,18.0
1070,1,Typical,click,Goldfisch,57.0312711981839,-12195.5,1607,791,2,-0.37311652420611036,2.568,7.555,1.0,0.001451378809869376,-0.4539,-8.414,6.0731,3.2859999999999996,137.4658,17.0,0.3800000000000008,0.0,0.08333333333333333,5.254619675872444,18.0,162.2903,18.0,83.28269999999999,0.3800000000000008,19.0,130.99429335067194,65.66149375924455,19.0
1070,1,Typical,click,Hai,130.04928459045,101509.0,2437,1237,0,-0.08486650771023224,3.463,7.656,0.5,0.0010214504596527069,-1.455,-8.75,6.6850000000000005,1.0549999999999997,146.10299999999998,17.0,0.0,0.0,0.041666666666666664,3.5044191848582944,19.0,170.33700000000002,18.0,66.883,0.0,19.0,115.92960434836164,32.52035186190416,19.0
1070,1,Typical,click,Hund,-89.6237172410225,-15545.0,1685,980,1,-0.34602796843902783,4.71,7.824,0.07142857142857142,0.0003957261574990107,-4.895,-9.766,1.2930000000000001,-0.8559999999999999,145.851,16.0,0.9599999999999991,0.9599999999999991,0.75,0.2733185827431956,19.0,224.609,0.0,16.677,5.531000000000001,16.0,60.38654795132443,41.35746029182099,16.0
1070,1,Typical,click,Kaninchen,17.0711416495715,6859.0,1214,940,0,-0.5096011705710262,5.434,7.836,0.07142857142857142,0.0005599104143337066,-4.344,-9.39,0.8319999999999999,2.51,142.117,16.0,0.0,0.0,0.041666666666666664,0.22004211053077194,22.0,223.166,0.0,67.84799999999998,0.0,0.0,66.49600405715856,42.205436002072055,1.0
1070,1,Typical,click,Katze,-47.8007834515058,-11261.5,1373,620,0,-0.4543821915073579,5.355,7.812,0.1111111111111111,0.0004655493482309125,-4.63,-9.59,-0.06400000000000006,2.75,149.12400000000002,17.0,0.0,0.0,1.0,0.27924582434778517,22.0,223.119,0.0,61.901999999999994,0.06400000000000006,15.0,64.76828807422034,43.08931947855524,1.0
1070,1,Typical,click,Klapperschlange,12.1000697342154,4249.5,2805,1060,0,0.04293590924215708,4.68,7.582,0.14285714285714285,9.127418765972983e-05,-4.254,-12.266,1.883,-0.5960000000000001,159.38500000000002,17.0,6.5600000000000005,1.8800000000000008,0.7916666666666666,0.3341395210556347,22.0,272.101,17.0,8.696000000000002,39.196,19.0,57.67892111225579,46.71186066420429,19.0
1070,1,Typical,click,Lachs,-91.6701154693178,-18087.0,1981,1340,1,-0.24323037219471466,3.541,7.77,1.0,0.0009478672985781991,-1.035,-8.805,10.285,1.1550000000000011,144.0922,18.0,0.0,0.0,0.041666666666666664,6.089705803380613,17.0,161.35778,17.0,101.29222,0.0,18.0,183.51630680482114,40.1096654152545,18.0
1070,1,Typical,click,Loewe,-60.1733237599142,-38042.0,1661,1100,0,-0.3543629086750532,5.51,7.688,0.05,0.0002795638803466592,-5.027,-10.305,0.21499999999999986,-1.2889999999999997,152.458,17.0,2.63,2.63,0.9166666666666666,0.19016061941084472,20.0,230.844,0.0,0.8309999999999995,34.827,20.0,64.0926005884869,40.3879506035535,20.0
1070,1,Typical,click,Pferd,38.6278305519312,-10655.5,2045,1100,0,-0.22100386489864696,4.496,7.67,0.022727272727272728,0.0003792188092529389,-6.055,-9.88,-0.12099999999999955,-2.243000000000001,147.17399999999998,17.0,3.4650000000000007,2.479000000000001,1.0,0.11968439300255372,20.0,227.091,0.0,0.3200000000000003,35.980000000000004,4.0,48.46719800578261,39.341101111093735,20.0
1070,1,Typical,click,Spatz,115.638040042146,56992.0,2031,1471,1,-0.22586591336966177,4.57,7.566,1.0,0.0055248618784530384,-1.347,-7.027,8.363000000000001,2.9330000000000007,144.0912,17.0,0.0,0.0,0.041666666666666664,6.366632781654495,17.0,141.23298,17.0,117.94501999999999,0.0,17.0,126.0473080182301,32.63877843707358,18.0
1070,1,Atypical,click,Aal,-102.179456812631,-57988.0,1669,1100,0,-0.35158459526304475,4.24,7.477,1.0,0.0019011406844106464,-1.614,-8.125,5.753,3.359,144.142,17.0,0.0,0.0,0.041666666666666664,5.350612693200015,18.0,165.81730000000002,18.0,117.51970000000001,0.0,19.0,143.91418385457848,60.76871534313391,19.0
1070,1,Atypical,click,Pinguin,592.864230195813,273534.5,3349,2461,1,0.2318612212587326,3.906,7.797,1.0,0.00510204081632653,-1.1875,-7.18,1.3624999999999998,1.5999999999999996,145.61399999999998,17.0,0.0,0.0,0.041666666666666664,5.679021674422119,18.0,146.9875,17.0,33.1655,0.0,17.0,55.065940584902386,33.47984880766462,18.0
1070,1,Atypical,click,Schmetterling,38.4499016301941,21429.5,1541,940,0,-0.39603760985518016,4.43,7.85,0.3333333333333333,0.002136752136752137,-2.312,-7.945,1.411,-0.47500000000000053,158.62099999999998,17.0,4.65,2.465,0.75,5.691326469022061,17.0,179.6365,16.0,10.327499999999999,28.194,4.0,82.81711961061038,45.56419321270815,20.0
1070,1,Atypical,click,Seeloewe,105.652175189986,79414.0,3279,1221,2,0.20755097890365856,4.348,7.875,0.05263157894736842,0.0005339028296849973,-5.105,-9.414,-2.9530000000000003,-0.4339999999999993,149.56099999999998,17.0,3.7669999999999995,3.7669999999999995,1.0,0.17601902325040447,20.0,221.144,0.0,0.0,42.194,21.0,46.43150387400727,85.84442051756527,20.0
1070,1,Atypical,click,Wal,1027.24929769355,588455.0,14285,950,1,4.0298156554743025,4.02,7.723,0.125,0.0005310674455655868,-4.82,-9.46,-3.5730000000000004,-0.5150000000000006,146.208,17.0,3.4582999999999995,3.4582999999999995,1.0,0.30788095004842325,22.0,217.32299999999998,0.0,0.0600000000000005,42.3699,21.0,39.597979746446654,83.76453221196577,20.0
1071,1,Typical,click,Alligator,-56.78465581992,-33698.0,1725,1180,0,0.6812812451444352,4.45,7.72,1.0,0.0001318217769575534,-1.651,-11.46,3.199,-1.7800000000000011,145.1859,16.0,5.68,2.790000000000001,0.7916666666666666,2.046305650511986,22.0,255.92399999999998,4.0,14.643,48.59700000000001,18.0,75.12180909347863,53.99820243997104,18.0
1071,1,Typical,click,Chamaeleon,151.225212994188,-34398.5,1941,1420,2,1.2469252326161655,5.184,7.64,0.14285714285714285,0.00013747594171020073,-3.97,-11.42,-2.133,-3.9699999999999998,151.466,17.0,3.0470000000000015,2.112000000000001,1.0,0.32327882020439247,22.0,270.342,7.0,0.0,82.36999999999999,22.0,37.45162754661942,87.97747993854695,5.0
1071,1,Typical,click,Falke,-73.1532843582742,-35759.0,1302,660,0,-0.42643823032103645,4.1,7.598,1.0,0.005917159763313609,-1.225,-7.05,6.791,5.500000000000001,140.834,17.0,0.0,0.0,0.041666666666666664,6.282913899443543,17.0,142.54299999999998,17.0,169.77300000000002,0.0,17.0,155.26518118772736,52.5185607843192,18.0
1071,1,Typical,click,Goldfisch,708.225288676115,269646.5,1309,940,2,-0.40810717517148964,2.568,7.555,1.0,0.001451378809869376,-0.4539,-8.414,6.0731,3.2859999999999996,137.4658,17.0,0.3800000000000008,0.0,0.08333333333333333,5.254619675872444,18.0,162.2903,18.0,83.28269999999999,0.3800000000000008,19.0,130.99429335067194,65.66149375924455,19.0
1071,1,Typical,click,Hai,688.931717145959,309724.5,2077,1700,1,1.6030714469502179,3.463,7.656,0.5,0.0010214504596527069,-1.455,-8.75,6.6850000000000005,1.0549999999999997,146.10299999999998,17.0,0.0,0.0,0.041666666666666664,3.5044191848582944,19.0,170.33700000000002,18.0,66.883,0.0,19.0,115.92960434836164,32.52035186190416,19.0
1071,1,Typical,click,Hund,-94.0329632045065,-49812.5,1237,820,2,-0.5966551709953998,4.71,7.824,0.07142857142857142,0.0003957261574990107,-4.895,-9.766,1.2930000000000001,-0.8559999999999999,145.851,16.0,0.9599999999999991,0.9599999999999991,0.75,0.2733185827431956,19.0,224.609,0.0,16.677,5.531000000000001,16.0,60.38654795132443,41.35746029182099,16.0
1071,1,Typical,click,Kaninchen,181.436595757688,50219.0,1013,660,1,-1.1832489357808977,5.434,7.836,0.07142857142857142,0.0005599104143337066,-4.344,-9.39,0.8319999999999999,2.51,142.117,16.0,0.0,0.0,0.041666666666666664,0.22004211053077194,22.0,223.166,0.0,67.84799999999998,0.0,0.0,66.49600405715856,42.205436002072055,1.0
1071,1,Typical,click,Katze,-80.7521850485031,-40283.5,925,580,0,-1.4136964862323433,5.355,7.812,0.1111111111111111,0.0004655493482309125,-4.63,-9.59,-0.06400000000000006,2.75,149.12400000000002,17.0,0.0,0.0,1.0,0.27924582434778517,22.0,223.119,0.0,61.901999999999994,0.06400000000000006,15.0,64.76828807422034,43.08931947855524,1.0
1071,1,Typical,click,Klapperschlange,462.79036613721,123605.5,2022,1270,2,1.4590417279180643,4.68,7.582,0.14285714285714285,9.127418765972983e-05,-4.254,-12.266,1.883,-0.5960000000000001,159.38500000000002,17.0,6.5600000000000005,1.8800000000000008,0.7916666666666666,0.3341395210556347,22.0,272.101,17.0,8.696000000000002,39.196,19.0,57.67892111225579,46.71186066420429,19.0
1071,1,Typical,click,Lachs,-74.6,-21913.5,1014,540,1,-1.1806302136166769,3.541,7.77,1.0,0.0009478672985781991,-1.035,-8.805,10.285,1.1550000000000011,144.0922,18.0,0.0,0.0,0.041666666666666664,6.089705803380613,17.0,161.35778,17.0,101.29222,0.0,18.0,183.51630680482114,40.1096654152545,18.0
1071,1,Typical,click,Loewe,-53.5981212131078,-27323.5,1254,860,0,-0.5521368942036432,5.51,7.688,0.05,0.0002795638803466592,-5.027,-10.305,0.21499999999999986,-1.2889999999999997,152.458,17.0,2.63,2.63,0.9166666666666666,0.19016061941084472,20.0,230.844,0.0,0.8309999999999995,34.827,20.0,64.0926005884869,40.3879506035535,20.0
1071,1,Typical,click,Pferd,135.127541169239,55630.0,1062,581,0,-1.05493154973407,4.496,7.67,0.022727272727272728,0.0003792188092529389,-6.055,-9.88,-0.12099999999999955,-2.243000000000001,147.17399999999998,17.0,3.4650000000000007,2.479000000000001,1.0,0.11968439300255372,20.0,227.091,0.0,0.3200000000000003,35.980000000000004,4.0,48.46719800578261,39.341101111093735,20.0
1071,1,Typical,click,Spatz,112.767237751844,-7310.0,1406,1070,1,-0.15409112524205523,4.57,7.566,1.0,0.0055248618784530384,-1.347,-7.027,8.363000000000001,2.9330000000000007,144.0912,17.0,0.0,0.0,0.041666666666666664,6.366632781654495,17.0,141.23298,17.0,117.94501999999999,0.0,17.0,126.0473080182301,32.63877843707358,18.0
1071,1,Atypical,click,Aal,293.135652016018,139129.0,1829,1500,1,0.9536283502234165,4.24,7.477,1.0,0.0019011406844106464,-1.614,-8.125,5.753,3.359,144.142,17.0,0.0,0.0,0.041666666666666664,5.350612693200015,18.0,165.81730000000002,18.0,117.51970000000001,0.0,19.0,143.91418385457848,60.76871534313391,19.0
1071,1,Atypical,click,Fledermaus,-108.778075036531,-76563.0,1933,1380,0,1.2259754553023978,4.906,7.652,0.0018656716417910447,0.00028538812785388126,-8.734,-10.266,-5.031000000000001,-2.3259999999999996,165.516,16.0,0.0,0.0,1.0,0.013391970707803893,20.0,246.002,0.0,0.0,71.10400000000001,4.0,33.0876255149752,94.95394459707009,11.0
1071,1,Atypical,click,Pinguin,-132.503022370609,-54094.5,1166,621,0,-0.7825844446550888,3.906,7.797,1.0,0.00510204081632653,-1.1875,-7.18,1.3624999999999998,1.5999999999999996,145.61399999999998,17.0,0.0,0.0,0.041666666666666664,5.679021674422119,18.0,146.9875,17.0,33.1655,0.0,17.0,55.065940584902386,33.47984880766462,18.0
1071,1,Atypical,click,Schmetterling,-106.287427954396,-53740.0,1534,1030,0,0.18110531177822936,4.43,7.85,0.3333333333333333,0.002136752136752137,-2.312,-7.945,1.411,-0.47500000000000053,158.62099999999998,17.0,4.65,2.465,0.75,5.691326469022061,17.0,179.6365,16.0,10.327499999999999,28.194,4.0,82.81711961061038,45.56419321270815,20.0
1071,1,Atypical,click,Seeloewe,769.209366825512,399871.0,1838,1021,1,0.9771968497014053,4.348,7.875,0.05263157894736842,0.0005339028296849973,-5.105,-9.414,-2.9530000000000003,-0.4339999999999993,149.56099999999998,17.0,3.7669999999999995,3.7669999999999995,1.0,0.17601902325040447,20.0,221.144,0.0,0.0,42.194,21.0,46.43150387400727,85.84442051756527,20.0
1071,1,Atypical,click,Wal,159.609584650155,34868.0,1245,980,1,-0.575705393681632,4.02,7.723,0.125,0.0005310674455655868,-4.82,-9.46,-3.5730000000000004,-0.5150000000000006,146.208,17.0,3.4582999999999995,3.4582999999999995,1.0,0.30788095004842325,22.0,217.32299999999998,0.0,0.0600000000000005,42.3699,21.0,39.597979746446654,83.76453221196577,20.0
1072,1,Typical,click,Alligator,48.5080202814057,13680.5,2118,1581,2,0.8537964406179959,4.45,7.72,1.0,0.0001318217769575534,-1.651,-11.46,3.199,-1.7800000000000011,145.1859,16.0,5.68,2.790000000000001,0.7916666666666666,2.046305650511986,22.0,255.92399999999998,4.0,14.643,48.59700000000001,18.0,75.12180909347863,53.99820243997104,18.0
1072,1,Typical,click,Chamaeleon,58.6170674418871,40163.5,1719,1190,2,-0.025995705137750832,5.184,7.64,0.14285714285714285,0.00013747594171020073,-3.97,-11.42,-2.133,-3.9699999999999998,151.466,17.0,3.0470000000000015,2.112000000000001,1.0,0.32327882020439247,22.0,270.342,7.0,0.0,82.36999999999999,22.0,37.45162754661942,87.97747993854695,5.0
1072,1,Typical,click,Falke,148.681745856925,77523.0,2413,1940,3,1.5042693303371568,4.1,7.598,1.0,0.005917159763313609,-1.225,-7.05,6.791,5.500000000000001,140.834,17.0,0.0,0.0,0.041666666666666664,6.282913899443543,17.0,142.54299999999998,17.0,169.77300000000002,0.0,17.0,155.26518118772736,52.5185607843192,18.0
1072,1,Typical,click,Goldfisch,629.949634643939,276963.0,1845,1220,1,0.25183339352195866,2.568,7.555,1.0,0.001451378809869376,-0.4539,-8.414,6.0731,3.2859999999999996,137.4658,17.0,0.3800000000000008,0.0,0.08333333333333333,5.254619675872444,18.0,162.2903,18.0,83.28269999999999,0.3800000000000008,19.0,130.99429335067194,65.66149375924455,19.0
1072,1,Typical,click,Hai,95.605468471708,38638.0,1749,1300,3,0.04015408025741809,3.463,7.656,0.5,0.0010214504596527069,-1.455,-8.75,6.6850000000000005,1.0549999999999997,146.10299999999998,17.0,0.0,0.0,0.041666666666666664,3.5044191848582944,19.0,170.33700000000002,18.0,66.883,0.0,19.0,115.92960434836164,32.52035186190416,19.0
1072,1,Typical,click,Hund,-82.3876168774594,-32617.0,1110,710,0,-1.36883634865968,4.71,7.824,0.07142857142857142,0.0003957261574990107,-4.895,-9.766,1.2930000000000001,-0.8559999999999999,145.851,16.0,0.9599999999999991,0.9599999999999991,0.75,0.2733185827431956,19.0,224.609,0.0,16.677,5.531000000000001,16.0,60.38654795132443,41.35746029182099,16.0
1072,1,Typical,click,Kaninchen,67.1256913128985,25029.5,1198,621,0,-1.1747969781671845,5.434,7.836,0.07142857142857142,0.0005599104143337066,-4.344,-9.39,0.8319999999999999,2.51,142.117,16.0,0.0,0.0,0.041666666666666664,0.22004211053077194,22.0,223.166,0.0,67.84799999999998,0.0,0.0,66.49600405715856,42.205436002072055,1.0
1072,1,Typical,click,Katze,-97.2168548076309,-46476.0,1045,580,1,-1.512160883682546,5.355,7.812,0.1111111111111111,0.0004655493482309125,-4.63,-9.59,-0.06400000000000006,2.75,149.12400000000002,17.0,0.0,0.0,1.0,0.27924582434778517,22.0,223.119,0.0,61.901999999999994,0.06400000000000006,15.0,64.76828807422034,43.08931947855524,1.0
1072,1,Typical,click,Klapperschlange,-78.8466169947333,-23165.0,2749,900,4,2.2451469267630486,4.68,7.582,0.14285714285714285,9.127418765972983e-05,-4.254,-12.266,1.883,-0.5960000000000001,159.38500000000002,17.0,6.5600000000000005,1.8800000000000008,0.7916666666666666,0.3341395210556347,22.0,272.101,17.0,8.696000000000002,39.196,19.0,57.67892111225579,46.71186066420429,19.0
1072,1,Typical,click,Lachs,491.801638688371,229198.0,1797,1220,2,0.14599373688968836,3.541,7.77,1.0,0.0009478672985781991,-1.035,-8.805,10.285,1.1550000000000011,144.0922,18.0,0.0,0.0,0.041666666666666664,6.089705803380613,17.0,161.35778,17.0,101.29222,0.0,18.0,183.51630680482114,40.1096654152545,18.0
1072,1,Typical,click,Loewe,-66.6066643776442,-38897.0,1245,860,0,-1.0711623143814197,5.51,7.688,0.05,0.0002795638803466592,-5.027,-10.305,0.21499999999999986,-1.2889999999999997,152.458,17.0,2.63,2.63,0.9166666666666666,0.19016061941084472,20.0,230.844,0.0,0.8309999999999995,34.827,20.0,64.0926005884869,40.3879506035535,20.0
1072,1,Typical,click,Pferd,934.379681485605,541971.0,1718,750,2,-0.02820069798425646,4.496,7.67,0.022727272727272728,0.0003792188092529389,-6.055,-9.88,-0.12099999999999955,-2.243000000000001,147.17399999999998,17.0,3.4650000000000007,2.479000000000001,1.0,0.11968439300255372,20.0,227.091,0.0,0.3200000000000003,35.980000000000004,4.0,48.46719800578261,39.341101111093735,20.0
1072,1,Typical,click,Spatz,859.646513768208,403596.5,1566,1181,1,-0.36335961065311234,4.57,7.566,1.0,0.0055248618784530384,-1.347,-7.027,8.363000000000001,2.9330000000000007,144.0912,17.0,0.0,0.0,0.041666666666666664,6.366632781654495,17.0,141.23298,17.0,117.94501999999999,0.0,17.0,126.0473080182301,32.63877843707358,18.0
1072,1,Atypical,click,Aal,82.4983416782707,52833.5,1541,1140,0,-0.4184844318157531,4.24,7.477,1.0,0.0019011406844106464,-1.614,-8.125,5.753,3.359,144.142,17.0,0.0,0.0,0.041666666666666664,5.350612693200015,18.0,165.81730000000002,18.0,117.51970000000001,0.0,19.0,143.91418385457848,60.76871534313391,19.0
1072,1,Atypical,click,Fledermaus,-63.1965487722121,-33831.5,1855,1230,3,0.2738833219870149,4.906,7.652,0.0018656716417910447,0.00028538812785388126,-8.734,-10.266,-5.031000000000001,-2.3259999999999996,165.516,16.0,0.0,0.0,1.0,0.013391970707803893,20.0,246.002,0.0,0.0,71.10400000000001,4.0,33.0876255149752,94.95394459707009,11.0
1072,1,Atypical,click,Pinguin,-64.6465664518876,-19289.5,2431,1780,1,1.5439592015742583,3.906,7.797,1.0,0.00510204081632653,-1.1875,-7.18,1.3624999999999998,1.5999999999999996,145.61399999999998,17.0,0.0,0.0,0.041666666666666664,5.679021674422119,18.0,146.9875,17.0,33.1655,0.0,17.0,55.065940584902386,33.47984880766462,18.0
1072,1,Atypical,click,Schmetterling,-94.7215429799942,-49234.0,1591,1070,0,-0.30823478949047156,4.43,7.85,0.3333333333333333,0.002136752136752137,-2.312,-7.945,1.411,-0.47500000000000053,158.62099999999998,17.0,4.65,2.465,0.75,5.691326469022061,17.0,179.6365,16.0,10.327499999999999,28.194,4.0,82.81711961061038,45.56419321270815,20.0
1072,1,Atypical,click,Seeloewe,90.9616132549387,69635.0,1725,1380,0,-0.012765748058717047,4.348,7.875,0.05263157894736842,0.0005339028296849973,-5.105,-9.414,-2.9530000000000003,-0.4339999999999993,149.56099999999998,17.0,3.7669999999999995,3.7669999999999995,1.0,0.17601902325040447,20.0,221.144,0.0,0.0,42.194,21.0,46.43150387400727,85.84442051756527,20.0
1072,1,Atypical,click,Wal,500.900898546116,289108.0,1470,1030,2,-0.5750389239176529,4.02,7.723,0.125,0.0005310674455655868,-4.82,-9.46,-3.5730000000000004,-0.5150000000000006,146.208,17.0,3.4582999999999995,3.4582999999999995,1.0,0.30788095004842325,22.0,217.32299999999998,0.0,0.0600000000000005,42.3699,21.0,39.597979746446654,83.76453221196577,20.0
1073,0,Atypical,touch,Fledermaus,112.842088361052,63331.0,2694,2564,3,1.4343497423668412,4.906,7.652,0.0018656716417910447,0.00028538812785388126,-8.734,-10.266,-5.031000000000001,-2.3259999999999996,165.516,16.0,0.0,0.0,1.0,0.013391970707803893,20.0,246.002,0.0,0.0,71.10400000000001,4.0,33.0876255149752,94.95394459707009,11.0
1073,0,Atypical,touch,Pinguin,526.389110337029,283352.0,2810,2390,1,1.636932685793725,3.906,7.797,1.0,0.00510204081632653,-1.1875,-7.18,1.3624999999999998,1.5999999999999996,145.61399999999998,17.0,0.0,0.0,0.041666666666666664,5.679021674422119,18.0,146.9875,17.0,33.1655,0.0,17.0,55.065940584902386,33.47984880766462,18.0
1073,0,Atypical,touch,Schmetterling,69.8171955205471,41538.0,2240,1780,0,0.6414820155064521,4.43,7.85,0.3333333333333333,0.002136752136752137,-2.312,-7.945,1.411,-0.47500000000000053,158.62099999999998,17.0,4.65,2.465,0.75,5.691326469022061,17.0,179.6365,16.0,10.327499999999999,28.194,4.0,82.81711961061038,45.56419321270815,20.0
1073,0,Atypical,touch,Wal,-65.5810869303404,-12070.0,2706,1956,0,1.4553065985834155,4.02,7.723,0.125,0.0005310674455655868,-4.82,-9.46,-3.5730000000000004,-0.5150000000000006,146.208,17.0,3.4582999999999995,3.4582999999999995,1.0,0.30788095004842325,22.0,217.32299999999998,0.0,0.0600000000000005,42.3699,21.0,39.597979746446654,83.76453221196577,20.0
1073,1,Typical,touch,Alligator,190.926055248404,108417.5,1780,1740,1,-0.16186413946222422,4.45,7.72,1.0,0.0001318217769575534,-1.651,-11.46,3.199,-1.7800000000000011,145.1859,16.0,5.68,2.790000000000001,0.7916666666666666,2.046305650511986,22.0,255.92399999999998,4.0,14.643,48.59700000000001,18.0,75.12180909347863,53.99820243997104,18.0
1073,1,Typical,touch,Chamaeleon,171.722983467903,102726.5,2640,2220,2,1.3400438893922575,5.184,7.64,0.14285714285714285,0.00013747594171020073,-3.97,-11.42,-2.133,-3.9699999999999998,151.466,17.0,3.0470000000000015,2.112000000000001,1.0,0.32327882020439247,22.0,270.342,7.0,0.0,82.36999999999999,22.0,37.45162754661942,87.97747993854695,5.0
1073,1,Typical,touch,Falke,80.9949471606056,43827.5,1499,989,1,-0.6526038558670025,4.1,7.598,1.0,0.005917159763313609,-1.225,-7.05,6.791,5.500000000000001,140.834,17.0,0.0,0.0,0.041666666666666664,6.282913899443543,17.0,142.54299999999998,17.0,169.77300000000002,0.0,17.0,155.26518118772736,52.5185607843192,18.0
1073,1,Typical,touch,Goldfisch,96.2632293524342,22320.0,1568,1118,0,-0.5321019326217011,2.568,7.555,1.0,0.001451378809869376,-0.4539,-8.414,6.0731,3.2859999999999996,137.4658,17.0,0.3800000000000008,0.0,0.08333333333333333,5.254619675872444,18.0,162.2903,18.0,83.28269999999999,0.3800000000000008,19.0,130.99429335067194,65.66149375924455,19.0
1073,1,Typical,touch,Hai,349.153451682485,213569.0,1937,1357,2,0.11232139603795444,3.463,7.656,0.5,0.0010214504596527069,-1.455,-8.75,6.6850000000000005,1.0549999999999997,146.10299999999998,17.0,0.0,0.0,0.041666666666666664,3.5044191848582944,19.0,170.33700000000002,18.0,66.883,0.0,19.0,115.92960434836164,32.52035186190416,19.0
1073,1,Typical,touch,Hund,124.603722829299,67367.0,1651,1621,2,-0.3871503437903965,4.71,7.824,0.07142857142857142,0.0003957261574990107,-4.895,-9.766,1.2930000000000001,-0.8559999999999999,145.851,16.0,0.9599999999999991,0.9599999999999991,0.75,0.2733185827431956,19.0,224.609,0.0,16.677,5.531000000000001,16.0,60.38654795132443,41.35746029182099,16.0
1073,1,Typical,touch,Kaninchen,74.2148145365881,39273.0,1255,725,0,-1.078726598937344,5.434,7.836,0.07142857142857142,0.0005599104143337066,-4.344,-9.39,0.8319999999999999,2.51,142.117,16.0,0.0,0.0,0.041666666666666664,0.22004211053077194,22.0,223.166,0.0,67.84799999999998,0.0,0.0,66.49600405715856,42.205436002072055,1.0
1073,1,Typical,touch,Katze,100.515224766451,31891.5,1530,1060,1,-0.5984653106408526,5.355,7.812,0.1111111111111111,0.0004655493482309125,-4.63,-9.59,-0.06400000000000006,2.75,149.12400000000002,17.0,0.0,0.0,1.0,0.27924582434778517,22.0,223.119,0.0,61.901999999999994,0.06400000000000006,15.0,64.76828807422034,43.08931947855524,1.0
1073,1,Typical,touch,Klapperschlange,87.6217074246112,52245.0,2290,1790,0,0.7288022497421778,4.68,7.582,0.14285714285714285,9.127418765972983e-05,-4.254,-12.266,1.883,-0.5960000000000001,159.38500000000002,17.0,6.5600000000000005,1.8800000000000008,0.7916666666666666,0.3341395210556347,22.0,272.101,17.0,8.696000000000002,39.196,19.0,57.67892111225579,46.71186066420429,19.0
1073,1,Typical,touch,Lachs,73.6120016185804,44788.0,1050,860,0,-1.4367395593038192,3.541,7.77,1.0,0.0009478672985781991,-1.035,-8.805,10.285,1.1550000000000011,144.0922,18.0,0.0,0.0,0.041666666666666664,6.089705803380613,17.0,161.35778,17.0,101.29222,0.0,18.0,183.51630680482114,40.1096654152545,18.0
1073,1,Typical,touch,Loewe,65.6681661257062,37993.0,1480,900,1,-0.6857855448765784,5.51,7.688,0.05,0.0002795638803466592,-5.027,-10.305,0.21499999999999986,-1.2889999999999997,152.458,17.0,2.63,2.63,0.9166666666666666,0.19016061941084472,20.0,230.844,0.0,0.8309999999999995,34.827,20.0,64.0926005884869,40.3879506035535,20.0
1073,1,Typical,touch,Pferd,49.2095669220389,31766.5,1000,700,0,-1.524059793539545,4.496,7.67,0.022727272727272728,0.0003792188092529389,-6.055,-9.88,-0.12099999999999955,-2.243000000000001,147.17399999999998,17.0,3.4650000000000007,2.479000000000001,1.0,0.11968439300255372,20.0,227.091,0.0,0.3200000000000003,35.980000000000004,4.0,48.46719800578261,39.341101111093735,20.0
1073,1,Typical,touch,Spatz,125.769034383456,80670.0,1350,1260,1,-0.9128181538894651,4.57,7.566,1.0,0.0055248618784530384,-1.347,-7.027,8.363000000000001,2.9330000000000007,144.0912,17.0,0.0,0.0,0.041666666666666664,6.366632781654495,17.0,141.23298,17.0,117.94501999999999,0.0,17.0,126.0473080182301,32.63877843707358,18.0
1073,1,Atypical,touch,Aal,103.00811247112,53926.0,1920,1510,1,0.08263251639780769,4.24,7.477,1.0,0.0019011406844106464,-1.614,-8.125,5.753,3.359,144.142,17.0,0.0,0.0,0.041666666666666664,5.350612693200015,18.0,165.81730000000002,18.0,117.51970000000001,0.0,19.0,143.91418385457848,60.76871534313391,19.0
1073,1,Atypical,touch,Seeloewe,126.12304768583,76751.5,2181,2071,1,0.5384441391082958,4.348,7.875,0.05263157894736842,0.0005339028296849973,-5.105,-9.414,-2.9530000000000003,-0.4339999999999993,149.56099999999998,17.0,3.7669999999999995,3.7669999999999995,1.0,0.17601902325040447,20.0,221.144,0.0,0.0,42.194,21.0,46.43150387400727,85.84442051756527,20.0
1074,1,Typical,click,Alligator,43.0436952932676,25716.5,2293,1820,0,0.5046479791677991,4.45,7.72,1.0,0.0001318217769575534,-1.651,-11.46,3.199,-1.7800000000000011,145.1859,16.0,5.68,2.790000000000001,0.7916666666666666,2.046305650511986,22.0,255.92399999999998,4.0,14.643,48.59700000000001,18.0,75.12180909347863,53.99820243997104,18.0
1074,1,Typical,click,Chamaeleon,-83.7734758505454,-44277.0,1910,1310,0,-0.1531208448343635,5.184,7.64,0.14285714285714285,0.00013747594171020073,-3.97,-11.42,-2.133,-3.9699999999999998,151.466,17.0,3.0470000000000015,2.112000000000001,1.0,0.32327882020439247,22.0,270.342,7.0,0.0,82.36999999999999,22.0,37.45162754661942,87.97747993854695,5.0
1074,1,Typical,click,Falke,187.091022267277,125343.0,1317,940,2,-1.1715462041901923,4.1,7.598,1.0,0.005917159763313609,-1.225,-7.05,6.791,5.500000000000001,140.834,17.0,0.0,0.0,0.041666666666666664,6.282913899443543,17.0,142.54299999999998,17.0,169.77300000000002,0.0,17.0,155.26518118772736,52.5185607843192,18.0
1074,1,Typical,click,Goldfisch,38.1459786196817,9426.5,1486,1030,1,-0.8813035638341467,2.568,7.555,1.0,0.001451378809869376,-0.4539,-8.414,6.0731,3.2859999999999996,137.4658,17.0,0.3800000000000008,0.0,0.08333333333333333,5.254619675872444,18.0,162.2903,18.0,83.28269999999999,0.3800000000000008,19.0,130.99429335067194,65.66149375924455,19.0
1074,1,Typical,click,Hai,-52.2859278256592,-26670.5,2037,1460,0,0.0649904884509489,3.463,7.656,0.5,0.0010214504596527069,-1.455,-8.75,6.6850000000000005,1.0549999999999997,146.10299999999998,17.0,0.0,0.0,0.041666666666666664,3.5044191848582944,19.0,170.33700000000002,18.0,66.883,0.0,19.0,115.92960434836164,32.52035186190416,19.0
1074,1,Typical,click,Hund,-87.061151448631,-50028.5,1741,1180,0,-0.44336348519040913,4.71,7.824,0.07142857142857142,0.0003957261574990107,-4.895,-9.766,1.2930000000000001,-0.8559999999999999,145.851,16.0,0.9599999999999991,0.9599999999999991,0.75,0.2733185827431956,19.0,224.609,0.0,16.677,5.531000000000001,16.0,60.38654795132443,41.35746029182099,16.0
1074,1,Typical,click,Kaninchen,467.808118106274,278241.0,1790,1260,1,-0.35921029360788703,5.434,7.836,0.07142857142857142,0.0005599104143337066,-4.344,-9.39,0.8319999999999999,2.51,142.117,16.0,0.0,0.0,0.041666666666666664,0.22004211053077194,22.0,223.166,0.0,67.84799999999998,0.0,0.0,66.49600405715856,42.205436002072055,1.0
1074,1,Typical,click,Katze,-54.1051268233453,-22311.5,1398,980,1,-1.032435826268064,5.355,7.812,0.1111111111111111,0.0004655493482309125,-4.63,-9.59,-0.06400000000000006,2.75,149.12400000000002,17.0,0.0,0.0,1.0,0.27924582434778517,22.0,223.119,0.0,61.901999999999994,0.06400000000000006,15.0,64.76828807422034,43.08931947855524,1.0
1074,1,Typical,click,Klapperschlange,75.6676483806743,38844.0,2365,1189,0,0.6283016484319133,4.68,7.582,0.14285714285714285,9.127418765972983e-05,-4.254,-12.266,1.883,-0.5960000000000001,159.38500000000002,17.0,6.5600000000000005,1.8800000000000008,0.7916666666666666,0.3341395210556347,22.0,272.101,17.0,8.696000000000002,39.196,19.0,57.67892111225579,46.71186066420429,19.0
1074,1,Typical,click,Lachs,-20.2654459235338,-10877.5,1406,1030,0,-1.0186965296831623,3.541,7.77,1.0,0.0009478672985781991,-1.035,-8.805,10.285,1.1550000000000011,144.0922,18.0,0.0,0.0,0.041666666666666664,6.089705803380613,17.0,161.35778,17.0,101.29222,0.0,18.0,183.51630680482114,40.1096654152545,18.0
1074,1,Typical,click,Loewe,-91.8028824752754,-49744.0,1573,940,0,-0.7318887134733421,5.51,7.688,0.05,0.0002795638803466592,-5.027,-10.305,0.21499999999999986,-1.2889999999999997,152.458,17.0,2.63,2.63,0.9166666666666666,0.19016061941084472,20.0,230.844,0.0,0.8309999999999995,34.827,20.0,64.0926005884869,40.3879506035535,20.0
1074,1,Typical,click,Pferd,-54.1716703448427,-19604.5,1517,972,0,-0.828063789567653,4.496,7.67,0.022727272727272728,0.0003792188092529389,-6.055,-9.88,-0.12099999999999955,-2.243000000000001,147.17399999999998,17.0,3.4650000000000007,2.479000000000001,1.0,0.11968439300255372,20.0,227.091,0.0,0.3200000000000003,35.980000000000004,4.0,48.46719800578261,39.341101111093735,20.0
1074,1,Typical,click,Spatz,-97.0479785213816,-56409.0,3405,2780,0,2.4144102044691174,4.57,7.566,1.0,0.0055248618784530384,-1.347,-7.027,8.363000000000001,2.9330000000000007,144.0912,17.0,0.0,0.0,0.041666666666666664,6.366632781654495,17.0,141.23298,17.0,117.94501999999999,0.0,17.0,126.0473080182301,32.63877843707358,18.0
1074,1,Atypical,click,Aal,49.2762304786068,19007.5,1654,941,0,-0.5927783355512137,4.24,7.477,1.0,0.0019011406844106464,-1.614,-8.125,5.753,3.359,144.142,17.0,0.0,0.0,0.041666666666666664,5.350612693200015,18.0,165.81730000000002,18.0,117.51970000000001,0.0,19.0,143.91418385457848,60.76871534313391,19.0
1074,1,Atypical,click,Fledermaus,872.866131637983,393899.5,2909,1660,2,1.5625738162052198,4.906,7.652,0.0018656716417910447,0.00028538812785388126,-8.734,-10.266,-5.031000000000001,-2.3259999999999996,165.516,16.0,0.0,0.0,1.0,0.013391970707803893,20.0,246.002,0.0,0.0,71.10400000000001,4.0,33.0876255149752,94.95394459707009,11.0
1074,1,Atypical,click,Pinguin,-77.5153191074456,-46784.5,2309,1060,3,0.5321265723376023,3.906,7.797,1.0,0.00510204081632653,-1.1875,-7.18,1.3624999999999998,1.5999999999999996,145.61399999999998,17.0,0.0,0.0,0.041666666666666664,5.679021674422119,18.0,146.9875,17.0,33.1655,0.0,17.0,55.065940584902386,33.47984880766462,18.0
1074,1,Atypical,click,Schmetterling,-116.953754651688,-42711.5,2198,1453,1,0.341493832222093,4.43,7.85,0.3333333333333333,0.002136752136752137,-2.312,-7.945,1.411,-0.47500000000000053,158.62099999999998,17.0,4.65,2.465,0.75,5.691326469022061,17.0,179.6365,16.0,10.327499999999999,28.194,4.0,82.81711961061038,45.56419321270815,20.0
1074,1,Atypical,click,Seeloewe,87.3894331108421,55263.5,2894,2493,0,1.5368126351085294,4.348,7.875,0.05263157894736842,0.0005339028296849973,-5.105,-9.414,-2.9530000000000003,-0.4339999999999993,149.56099999999998,17.0,3.7669999999999995,3.7669999999999995,1.0,0.17601902325040447,20.0,221.144,0.0,0.0,42.194,21.0,46.43150387400727,85.84442051756527,20.0
1074,1,Atypical,click,Wal,133.317821773281,73212.0,1782,1310,1,-0.3729495901927886,4.02,7.723,0.125,0.0005310674455655868,-4.82,-9.46,-3.5730000000000004,-0.5150000000000006,146.208,17.0,3.4582999999999995,3.4582999999999995,1.0,0.30788095004842325,22.0,217.32299999999998,0.0,0.0600000000000005,42.3699,21.0,39.597979746446654,83.76453221196577,20.0
1075,1,Typical,touch,Alligator,84.2116034187676,52649.5,930,900,0,-0.34447986086444243,4.45,7.72,1.0,0.0001318217769575534,-1.651,-11.46,3.199,-1.7800000000000011,145.1859,16.0,5.68,2.790000000000001,0.7916666666666666,2.046305650511986,22.0,255.92399999999998,4.0,14.643,48.59700000000001,18.0,75.12180909347863,53.99820243997104,18.0
1075,1,Typical,touch,Chamaeleon,69.8587508948337,43957.5,950,830,0,-0.29545276456163794,5.184,7.64,0.14285714285714285,0.00013747594171020073,-3.97,-11.42,-2.133,-3.9699999999999998,151.466,17.0,3.0470000000000015,2.112000000000001,1.0,0.32327882020439247,22.0,270.342,7.0,0.0,82.36999999999999,22.0,37.45162754661942,87.97747993854695,5.0
1075,1,Typical,touch,Falke,47.0486534105744,30729.0,950,830,0,-0.29545276456163794,4.1,7.598,1.0,0.005917159763313609,-1.225,-7.05,6.791,5.500000000000001,140.834,17.0,0.0,0.0,0.041666666666666664,6.282913899443543,17.0,142.54299999999998,17.0,169.77300000000002,0.0,17.0,155.26518118772736,52.5185607843192,18.0
1075,1,Typical,touch,Goldfisch,76.2501552567604,44851.0,794,734,0,-0.6778641157235131,2.568,7.555,1.0,0.001451378809869376,-0.4539,-8.414,6.0731,3.2859999999999996,137.4658,17.0,0.3800000000000008,0.0,0.08333333333333333,5.254619675872444,18.0,162.2903,18.0,83.28269999999999,0.3800000000000008,19.0,130.99429335067194,65.66149375924455,19.0
1075,1,Typical,touch,Hai,47.3025089794279,33984.5,780,710,1,-0.7121830831354763,3.463,7.656,0.5,0.0010214504596527069,-1.455,-8.75,6.6850000000000005,1.0549999999999997,146.10299999999998,17.0,0.0,0.0,0.041666666666666664,3.5044191848582944,19.0,170.33700000000002,18.0,66.883,0.0,19.0,115.92960434836164,32.52035186190416,19.0
1075,1,Typical,touch,Hund,45.3667520819124,31863.0,800,710,0,-0.6631559868326717,4.71,7.824,0.07142857142857142,0.0003957261574990107,-4.895,-9.766,1.2930000000000001,-0.8559999999999999,145.851,16.0,0.9599999999999991,0.9599999999999991,0.75,0.2733185827431956,19.0,224.609,0.0,16.677,5.531000000000001,16.0,60.38654795132443,41.35746029182099,16.0
1075,1,Typical,touch,Kaninchen,840.746151927096,412202.0,1425,855,1,0.8689407726299694,5.434,7.836,0.07142857142857142,0.0005599104143337066,-4.344,-9.39,0.8319999999999999,2.51,142.117,16.0,0.0,0.0,0.041666666666666664,0.22004211053077194,22.0,223.166,0.0,67.84799999999998,0.0,0.0,66.49600405715856,42.205436002072055,1.0
1075,1,Typical,touch,Katze,713.401251647225,370892.5,2340,980,2,3.111930428483276,5.355,7.812,0.1111111111111111,0.0004655493482309125,-4.63,-9.59,-0.06400000000000006,2.75,149.12400000000002,17.0,0.0,0.0,1.0,0.27924582434778517,22.0,223.119,0.0,61.901999999999994,0.06400000000000006,15.0,64.76828807422034,43.08931947855524,1.0
1075,1,Typical,touch,Klapperschlange,324.143802236753,172145.0,1290,1180,2,0.5380078725860389,4.68,7.582,0.14285714285714285,9.127418765972983e-05,-4.254,-12.266,1.883,-0.5960000000000001,159.38500000000002,17.0,6.5600000000000005,1.8800000000000008,0.7916666666666666,0.3341395210556347,22.0,272.101,17.0,8.696000000000002,39.196,19.0,57.67892111225579,46.71186066420429,19.0
1075,1,Typical,touch,Lachs,55.629480119441,40889.5,750,700,0,-0.7857237275896831,3.541,7.77,1.0,0.0009478672985781991,-1.035,-8.805,10.285,1.1550000000000011,144.0922,18.0,0.0,0.0,0.041666666666666664,6.089705803380613,17.0,161.35778,17.0,101.29222,0.0,18.0,183.51630680482114,40.1096654152545,18.0
1075,1,Typical,touch,Loewe,47.2698332095418,27747.5,690,620,0,-0.9328050164980967,5.51,7.688,0.05,0.0002795638803466592,-5.027,-10.305,0.21499999999999986,-1.2889999999999997,152.458,17.0,2.63,2.63,0.9166666666666666,0.19016061941084472,20.0,230.844,0.0,0.8309999999999995,34.827,20.0,64.0926005884869,40.3879506035535,20.0
1075,1,Typical,touch,Pferd,176.452957120735,136132.5,910,860,0,-0.39350695716724693,4.496,7.67,0.022727272727272728,0.0003792188092529389,-6.055,-9.88,-0.12099999999999955,-2.243000000000001,147.17399999999998,17.0,3.4650000000000007,2.479000000000001,1.0,0.11968439300255372,20.0,227.091,0.0,0.3200000000000003,35.980000000000004,4.0,48.46719800578261,39.341101111093735,20.0
1075,1,Typical,touch,Spatz,41.9066506378228,21430.0,810,740,0,-0.6386424386812696,4.57,7.566,1.0,0.0055248618784530384,-1.347,-7.027,8.363000000000001,2.9330000000000007,144.0912,17.0,0.0,0.0,0.041666666666666664,6.366632781654495,17.0,141.23298,17.0,117.94501999999999,0.0,17.0,126.0473080182301,32.63877843707358,18.0
1075,1,Atypical,touch,Aal,47.8352658644801,25691.0,1260,1190,0,0.4644672281318321,4.24,7.477,1.0,0.0019011406844106464,-1.614,-8.125,5.753,3.359,144.142,17.0,0.0,0.0,0.041666666666666664,5.350612693200015,18.0,165.81730000000002,18.0,117.51970000000001,0.0,19.0,143.91418385457848,60.76871534313391,19.0
1075,1,Atypical,touch,Fledermaus,30.4493891011095,4818.0,990,900,1,-0.1973985719560289,4.906,7.652,0.0018656716417910447,0.00028538812785388126,-8.734,-10.266,-5.031000000000001,-2.3259999999999996,165.516,16.0,0.0,0.0,1.0,0.013391970707803893,20.0,246.002,0.0,0.0,71.10400000000001,4.0,33.0876255149752,94.95394459707009,11.0
1075,1,Atypical,touch,Pinguin,311.56152452589,172365.5,1641,1581,2,1.3984334127002582,3.906,7.797,1.0,0.00510204081632653,-1.1875,-7.18,1.3624999999999998,1.5999999999999996,145.61399999999998,17.0,0.0,0.0,0.041666666666666664,5.679021674422119,18.0,146.9875,17.0,33.1655,0.0,17.0,55.065940584902386,33.47984880766462,18.0
1075,1,Atypical,touch,Schmetterling,-93.145587509378,-58337.0,910,780,0,-0.39350695716724693,4.43,7.85,0.3333333333333333,0.002136752136752137,-2.312,-7.945,1.411,-0.47500000000000053,158.62099999999998,17.0,4.65,2.465,0.75,5.691326469022061,17.0,179.6365,16.0,10.327499999999999,28.194,4.0,82.81711961061038,45.56419321270815,20.0
1075,1,Atypical,touch,Seeloewe,26.2891893077524,18394.0,750,710,0,-0.7857237275896831,4.348,7.875,0.05263157894736842,0.0005339028296849973,-5.105,-9.414,-2.9530000000000003,-0.4339999999999993,149.56099999999998,17.0,3.7669999999999995,3.7669999999999995,1.0,0.17601902325040447,20.0,221.144,0.0,0.0,42.194,21.0,46.43150387400727,85.84442051756527,20.0
1075,1,Atypical,touch,Wal,77.1250650363954,44541.5,1370,1300,0,0.734116257797257,4.02,7.723,0.125,0.0005310674455655868,-4.82,-9.46,-3.5730000000000004,-0.5150000000000006,146.208,17.0,3.4582999999999995,3.4582999999999995,1.0,0.30788095004842325,22.0,217.32299999999998,0.0,0.0600000000000005,42.3699,21.0,39.597979746446654,83.76453221196577,20.0
1076,1,Typical,click,Alligator,109.731174874009,70343.0,1318,820,0,-0.970775046510201,4.45,7.72,1.0,0.0001318217769575534,-1.651,-11.46,3.199,-1.7800000000000011,145.1859,16.0,5.68,2.790000000000001,0.7916666666666666,2.046305650511986,22.0,255.92399999999998,4.0,14.643,48.59700000000001,18.0,75.12180909347863,53.99820243997104,18.0
1076,1,Typical,click,Chamaeleon,38.6573110663696,4460.0,1333,820,1,-0.9537344645777418,5.184,7.64,0.14285714285714285,0.00013747594171020073,-3.97,-11.42,-2.133,-3.9699999999999998,151.466,17.0,3.0470000000000015,2.112000000000001,1.0,0.32327882020439247,22.0,270.342,7.0,0.0,82.36999999999999,22.0,37.45162754661942,87.97747993854695,5.0
1076,1,Typical,click,Falke,65.4164796435855,43348.5,1869,1300,1,-0.3448176701912004,4.1,7.598,1.0,0.005917159763313609,-1.225,-7.05,6.791,5.500000000000001,140.834,17.0,0.0,0.0,0.041666666666666664,6.282913899443543,17.0,142.54299999999998,17.0,169.77300000000002,0.0,17.0,155.26518118772736,52.5185607843192,18.0
1076,1,Typical,click,Goldfisch,118.39170856902,80454.0,1510,1140,0,-0.7526555977747235,2.568,7.555,1.0,0.001451378809869376,-0.4539,-8.414,6.0731,3.2859999999999996,137.4658,17.0,0.3800000000000008,0.0,0.08333333333333333,5.254619675872444,18.0,162.2903,18.0,83.28269999999999,0.3800000000000008,19.0,130.99429335067194,65.66149375924455,19.0
1076,1,Typical,click,Hai,128.389940761978,78799.0,3358,2781,1,1.3467440963042476,3.463,7.656,0.5,0.0010214504596527069,-1.455,-8.75,6.6850000000000005,1.0549999999999997,146.10299999999998,17.0,0.0,0.0,0.041666666666666664,3.5044191848582944,19.0,170.33700000000002,18.0,66.883,0.0,19.0,115.92960434836164,32.52035186190416,19.0
1076,1,Typical,click,Hund,85.3814712092625,46588.5,1669,900,0,-0.5720254292906561,4.71,7.824,0.07142857142857142,0.0003957261574990107,-4.895,-9.766,1.2930000000000001,-0.8559999999999999,145.851,16.0,0.9599999999999991,0.9599999999999991,0.75,0.2733185827431956,19.0,224.609,0.0,16.677,5.531000000000001,16.0,60.38654795132443,41.35746029182099,16.0
1076,1,Typical,click,Kaninchen,155.921066269276,122632.5,1597,980,1,-0.6538202225664602,5.434,7.836,0.07142857142857142,0.0005599104143337066,-4.344,-9.39,0.8319999999999999,2.51,142.117,16.0,0.0,0.0,0.041666666666666664,0.22004211053077194,22.0,223.166,0.0,67.84799999999998,0.0,0.0,66.49600405715856,42.205436002072055,1.0
1076,1,Typical,click,Katze,-99.0078701755467,-78941.0,1310,861,0,-0.9798633568741792,5.355,7.812,0.1111111111111111,0.0004655493482309125,-4.63,-9.59,-0.06400000000000006,2.75,149.12400000000002,17.0,0.0,0.0,1.0,0.27924582434778517,22.0,223.119,0.0,61.901999999999994,0.06400000000000006,15.0,64.76828807422034,43.08931947855524,1.0
1076,1,Typical,click,Klapperschlange,-39.7421333408051,4673.5,4228,2460,3,2.33509784838688,4.68,7.582,0.14285714285714285,9.127418765972983e-05,-4.254,-12.266,1.883,-0.5960000000000001,159.38500000000002,17.0,6.5600000000000005,1.8800000000000008,0.7916666666666666,0.3341395210556347,22.0,272.101,17.0,8.696000000000002,39.196,19.0,57.67892111225579,46.71186066420429,19.0
1076,1,Typical,click,Lachs,117.957839841174,62938.0,1846,1190,0,-0.3709465624876378,3.541,7.77,1.0,0.0009478672985781991,-1.035,-8.805,10.285,1.1550000000000011,144.0922,18.0,0.0,0.0,0.041666666666666664,6.089705803380613,17.0,161.35778,17.0,101.29222,0.0,18.0,183.51630680482114,40.1096654152545,18.0
1076,1,Typical,click,Loewe,96.8488762335585,60396.0,1926,1270,0,-0.28006345884785555,5.51,7.688,0.05,0.0002795638803466592,-5.027,-10.305,0.21499999999999986,-1.2889999999999997,152.458,17.0,2.63,2.63,0.9166666666666666,0.19016061941084472,20.0,230.844,0.0,0.8309999999999995,34.827,20.0,64.0926005884869,40.3879506035535,20.0
1076,1,Typical,click,Pferd,138.657580371664,63721.0,2037,1460,2,-0.15396315254765758,4.496,7.67,0.022727272727272728,0.0003792188092529389,-6.055,-9.88,-0.12099999999999955,-2.243000000000001,147.17399999999998,17.0,3.4650000000000007,2.479000000000001,1.0,0.11968439300255372,20.0,227.091,0.0,0.3200000000000003,35.980000000000004,4.0,48.46719800578261,39.341101111093735,20.0
1076,1,Typical,click,Spatz,261.958359813732,173551.5,1438,830,0,-0.8344503910505275,4.57,7.566,1.0,0.0055248618784530384,-1.347,-7.027,8.363000000000001,2.9330000000000007,144.0912,17.0,0.0,0.0,0.041666666666666664,6.366632781654495,17.0,141.23298,17.0,117.94501999999999,0.0,17.0,126.0473080182301,32.63877843707358,18.0
1076,1,Atypical,click,Aal,94.9320713497883,27909.5,2357,1740,0,0.2095692620114716,4.24,7.477,1.0,0.0019011406844106464,-1.614,-8.125,5.753,3.359,144.142,17.0,0.0,0.0,0.041666666666666664,5.350612693200015,18.0,165.81730000000002,18.0,117.51970000000001,0.0,19.0,143.91418385457848,60.76871534313391,19.0
1076,1,Atypical,click,Fledermaus,-81.7805746730455,-12371.5,2982,2285,1,0.9195935091972708,4.906,7.652,0.0018656716417910447,0.00028538812785388126,-8.734,-10.266,-5.031000000000001,-2.3259999999999996,165.516,16.0,0.0,0.0,1.0,0.013391970707803893,20.0,246.002,0.0,0.0,71.10400000000001,4.0,33.0876255149752,94.95394459707009,11.0
1076,1,Atypical,click,Pinguin,40.1486253234806,28870.5,3173,2740,0,1.136576919137251,3.906,7.797,1.0,0.00510204081632653,-1.1875,-7.18,1.3624999999999998,1.5999999999999996,145.61399999999998,17.0,0.0,0.0,0.041666666666666664,5.679021674422119,18.0,146.9875,17.0,33.1655,0.0,17.0,55.065940584902386,33.47984880766462,18.0
1076,1,Atypical,click,Schmetterling,-24.336885452638,-6596.5,1413,980,0,-0.8628513609379594,4.43,7.85,0.3333333333333333,0.002136752136752137,-2.312,-7.945,1.411,-0.47500000000000053,158.62099999999998,17.0,4.65,2.465,0.75,5.691326469022061,17.0,179.6365,16.0,10.327499999999999,28.194,4.0,82.81711961061038,45.56419321270815,20.0
1076,1,Atypical,click,Seeloewe,695.099797286009,381232.0,2325,1708,1,0.17321602055555868,4.348,7.875,0.05263157894736842,0.0005339028296849973,-5.105,-9.414,-2.9530000000000003,-0.4339999999999993,149.56099999999998,17.0,3.7669999999999995,3.7669999999999995,1.0,0.17601902325040447,20.0,221.144,0.0,0.0,42.194,21.0,46.43150387400727,85.84442051756527,20.0
1076,1,Atypical,click,Wal,34.2037968409874,14653.5,3589,2892,0,1.609169058064119,4.02,7.723,0.125,0.0005310674455655868,-4.82,-9.46,-3.5730000000000004,-0.5150000000000006,146.208,17.0,3.4582999999999995,3.4582999999999995,1.0,0.30788095004842325,22.0,217.32299999999998,0.0,0.0600000000000005,42.3699,21.0,39.597979746446654,83.76453221196577,20.0
1077,1,Typical,touch,Alligator,-38.8392878577764,-23545.0,870,820,0,-1.1939921105030877,4.45,7.72,1.0,0.0001318217769575534,-1.651,-11.46,3.199,-1.7800000000000011,145.1859,16.0,5.68,2.790000000000001,0.7916666666666666,2.046305650511986,22.0,255.92399999999998,4.0,14.643,48.59700000000001,18.0,75.12180909347863,53.99820243997104,18.0
1077,1,Typical,touch,Chamaeleon,-67.4637743447769,-35591.5,1560,1340,0,0.1349183716002723,5.184,7.64,0.14285714285714285,0.00013747594171020073,-3.97,-11.42,-2.133,-3.9699999999999998,151.466,17.0,3.0470000000000015,2.112000000000001,1.0,0.32327882020439247,22.0,270.342,7.0,0.0,82.36999999999999,22.0,37.45162754661942,87.97747993854695,5.0
1077,1,Typical,touch,Falke,-43.0469235299295,-25240.5,1350,980,0,-0.2695326446920546,4.1,7.598,1.0,0.005917159763313609,-1.225,-7.05,6.791,5.500000000000001,140.834,17.0,0.0,0.0,0.041666666666666664,6.282913899443543,17.0,142.54299999999998,17.0,169.77300000000002,0.0,17.0,155.26518118772736,52.5185607843192,18.0
1077,1,Typical,touch,Goldfisch,-19.4294958908851,-5150.5,1070,750,0,-0.8088006664151572,2.568,7.555,1.0,0.001451378809869376,-0.4539,-8.414,6.0731,3.2859999999999996,137.4658,17.0,0.3800000000000008,0.0,0.08333333333333333,5.254619675872444,18.0,162.2903,18.0,83.28269999999999,0.3800000000000008,19.0,130.99429335067194,65.66149375924455,19.0
1077,1,Typical,touch,Hai,-29.3359754726757,-9466.0,2210,1380,2,1.3867905648860461,3.463,7.656,0.5,0.0010214504596527069,-1.455,-8.75,6.6850000000000005,1.0549999999999997,146.10299999999998,17.0,0.0,0.0,0.041666666666666664,3.5044191848582944,19.0,170.33700000000002,18.0,66.883,0.0,19.0,115.92960434836164,32.52035186190416,19.0
1077,1,Typical,touch,Hund,628.664860112216,156123.5,1191,790,1,-0.5757598427419593,4.71,7.824,0.07142857142857142,0.0003957261574990107,-4.895,-9.766,1.2930000000000001,-0.8559999999999999,145.851,16.0,0.9599999999999991,0.9599999999999991,0.75,0.2733185827431956,19.0,224.609,0.0,16.677,5.531000000000001,16.0,60.38654795132443,41.35746029182099,16.0
1077,1,Typical,touch,Kaninchen,30.0314722312394,1879.0,1360,990,0,-0.2502730724876581,5.434,7.836,0.07142857142857142,0.0005599104143337066,-4.344,-9.39,0.8319999999999999,2.51,142.117,16.0,0.0,0.0,0.041666666666666664,0.22004211053077194,22.0,223.166,0.0,67.84799999999998,0.0,0.0,66.49600405715856,42.205436002072055,1.0
1077,1,Typical,touch,Katze,21.8737596805418,18564.5,750,700,0,-1.425106976955846,5.355,7.812,0.1111111111111111,0.0004655493482309125,-4.63,-9.59,-0.06400000000000006,2.75,149.12400000000002,17.0,0.0,0.0,1.0,0.27924582434778517,22.0,223.119,0.0,61.901999999999994,0.06400000000000006,15.0,64.76828807422034,43.08931947855524,1.0
1077,1,Typical,touch,Klapperschlange,-42.8438801051688,-31076.0,2520,1860,0,1.9838373032223384,4.68,7.582,0.14285714285714285,9.127418765972983e-05,-4.254,-12.266,1.883,-0.5960000000000001,159.38500000000002,17.0,6.5600000000000005,1.8800000000000008,0.7916666666666666,0.3341395210556347,22.0,272.101,17.0,8.696000000000002,39.196,19.0,57.67892111225579,46.71186066420429,19.0
1077,1,Typical,touch,Lachs,62.0097404328167,35619.5,1351,1141,0,-0.267606687471615,3.541,7.77,1.0,0.0009478672985781991,-1.035,-8.805,10.285,1.1550000000000011,144.0922,18.0,0.0,0.0,0.041666666666666664,6.089705803380613,17.0,161.35778,17.0,101.29222,0.0,18.0,183.51630680482114,40.1096654152545,18.0
1077,1,Typical,touch,Loewe,-54.6422043819975,-30243.5,1155,1125,0,-0.6450943026777868,5.51,7.688,0.05,0.0002795638803466592,-5.027,-10.305,0.21499999999999986,-1.2889999999999997,152.458,17.0,2.63,2.63,0.9166666666666666,0.19016061941084472,20.0,230.844,0.0,0.8309999999999995,34.827,20.0,64.0926005884869,40.3879506035535,20.0
1077,1,Typical,touch,Pferd,-30.3112935848389,-7450.5,1200,790,0,-0.5584262277580024,4.496,7.67,0.022727272727272728,0.0003792188092529389,-6.055,-9.88,-0.12099999999999955,-2.243000000000001,147.17399999999998,17.0,3.4650000000000007,2.479000000000001,1.0,0.11968439300255372,20.0,227.091,0.0,0.3200000000000003,35.980000000000004,4.0,48.46719800578261,39.341101111093735,20.0
1077,1,Typical,touch,Spatz,-98.547112791564,-70413.0,1080,941,0,-0.7895410942107607,4.57,7.566,1.0,0.0055248618784530384,-1.347,-7.027,8.363000000000001,2.9330000000000007,144.0912,17.0,0.0,0.0,0.041666666666666664,6.366632781654495,17.0,141.23298,17.0,117.94501999999999,0.0,17.0,126.0473080182301,32.63877843707358,18.0
1077,1,Atypical,touch,Aal,-21.6497594042569,-6576.5,2481,2381,0,1.908724971625192,4.24,7.477,1.0,0.0019011406844106464,-1.614,-8.125,5.753,3.359,144.142,17.0,0.0,0.0,0.041666666666666664,5.350612693200015,18.0,165.81730000000002,18.0,117.51970000000001,0.0,19.0,143.91418385457848,60.76871534313391,19.0
1077,1,Atypical,touch,Fledermaus,204.614089138455,53683.0,1550,1140,1,0.1156587993958758,4.906,7.652,0.0018656716417910447,0.00028538812785388126,-8.734,-10.266,-5.031000000000001,-2.3259999999999996,165.516,16.0,0.0,0.0,1.0,0.013391970707803893,20.0,246.002,0.0,0.0,71.10400000000001,4.0,33.0876255149752,94.95394459707009,11.0
1077,1,Atypical,touch,Pinguin,77.0516876100935,32428.0,2200,1740,0,1.3675309926816497,3.906,7.797,1.0,0.00510204081632653,-1.1875,-7.18,1.3624999999999998,1.5999999999999996,145.61399999999998,17.0,0.0,0.0,0.041666666666666664,5.679021674422119,18.0,146.9875,17.0,33.1655,0.0,17.0,55.065940584902386,33.47984880766462,18.0
1077,1,Atypical,touch,Schmetterling,47.5209136982596,6247.0,1744,1494,0,0.4892945001611683,4.43,7.85,0.3333333333333333,0.002136752136752137,-2.312,-7.945,1.411,-0.47500000000000053,158.62099999999998,17.0,4.65,2.465,0.75,5.691326469022061,17.0,179.6365,16.0,10.327499999999999,28.194,4.0,82.81711961061038,45.56419321270815,20.0
1077,1,Atypical,touch,Seeloewe,-28.8087940560372,-10863.0,1487,1357,0,-0.005676505491822294,4.348,7.875,0.05263157894736842,0.0005339028296849973,-5.105,-9.414,-2.9530000000000003,-0.4339999999999993,149.56099999999998,17.0,3.7669999999999995,3.7669999999999995,1.0,0.17601902325040447,20.0,221.144,0.0,0.0,42.194,21.0,46.43150387400727,85.84442051756527,20.0
1077,1,Atypical,touch,Wal,36.0706002342047,18315.5,1180,1020,0,-0.5969453721667956,4.02,7.723,0.125,0.0005310674455655868,-4.82,-9.46,-3.5730000000000004,-0.5150000000000006,146.208,17.0,3.4582999999999995,3.4582999999999995,1.0,0.30788095004842325,22.0,217.32299999999998,0.0,0.0600000000000005,42.3699,21.0,39.597979746446654,83.76453221196577,20.0
1078,1,Typical,click,Alligator,920.971914951767,506608.0,2965,2420,2,3.376574858157551,4.45,7.72,1.0,0.0001318217769575534,-1.651,-11.46,3.199,-1.7800000000000011,145.1859,16.0,5.68,2.790000000000001,0.7916666666666666,2.046305650511986,22.0,255.92399999999998,4.0,14.643,48.59700000000001,18.0,75.12180909347863,53.99820243997104,18.0
1078,1,Typical,click,Chamaeleon,51.3437712852989,31854.5,1253,900,0,-0.4883426936106528,5.184,7.64,0.14285714285714285,0.00013747594171020073,-3.97,-11.42,-2.133,-3.9699999999999998,151.466,17.0,3.0470000000000015,2.112000000000001,1.0,0.32327882020439247,22.0,270.342,7.0,0.0,82.36999999999999,22.0,37.45162754661942,87.97747993854695,5.0
1078,1,Typical,click,Falke,56.8589673785694,25136.0,1285,780,0,-0.416101244044892,4.1,7.598,1.0,0.005917159763313609,-1.225,-7.05,6.791,5.500000000000001,140.834,17.0,0.0,0.0,0.041666666666666664,6.282913899443543,17.0,142.54299999999998,17.0,169.77300000000002,0.0,17.0,155.26518118772736,52.5185607843192,18.0
1078,1,Typical,click,Goldfisch,61.9626018965802,36593.0,1061,780,0,-0.9217913910052178,2.568,7.555,1.0,0.001451378809869376,-0.4539,-8.414,6.0731,3.2859999999999996,137.4658,17.0,0.3800000000000008,0.0,0.08333333333333333,5.254619675872444,18.0,162.2903,18.0,83.28269999999999,0.3800000000000008,19.0,130.99429335067194,65.66149375924455,19.0
1078,1,Typical,click,Hai,-22.7497449436843,-5748.5,1509,820,3,0.08958890291543375,3.463,7.656,0.5,0.0010214504596527069,-1.455,-8.75,6.6850000000000005,1.0549999999999997,146.10299999999998,17.0,0.0,0.0,0.041666666666666664,3.5044191848582944,19.0,170.33700000000002,18.0,66.883,0.0,19.0,115.92960434836164,32.52035186190416,19.0
1078,1,Typical,click,Hund,747.6,269825.0,1597,1020,2,0.288252889221276,4.71,7.824,0.07142857142857142,0.0003957261574990107,-4.895,-9.766,1.2930000000000001,-0.8559999999999999,145.851,16.0,0.9599999999999991,0.9599999999999991,0.75,0.2733185827431956,19.0,224.609,0.0,16.677,5.531000000000001,16.0,60.38654795132443,41.35746029182099,16.0
1078,1,Typical,click,Kaninchen,99.9200387989535,68222.5,1286,661,2,-0.41384369874596194,5.434,7.836,0.07142857142857142,0.0005599104143337066,-4.344,-9.39,0.8319999999999999,2.51,142.117,16.0,0.0,0.0,0.041666666666666664,0.22004211053077194,22.0,223.166,0.0,67.84799999999998,0.0,0.0,66.49600405715856,42.205436002072055,1.0
1078,1,Typical,click,Katze,175.00109072933,-24392.0,1077,620,1,-0.8856706662223374,5.355,7.812,0.1111111111111111,0.0004655493482309125,-4.63,-9.59,-0.06400000000000006,2.75,149.12400000000002,17.0,0.0,0.0,1.0,0.27924582434778517,22.0,223.119,0.0,61.901999999999994,0.06400000000000006,15.0,64.76828807422034,43.08931947855524,1.0
1078,1,Typical,click,Klapperschlange,54.6258867283494,27788.0,1405,900,1,-0.14519580817328892,4.68,7.582,0.14285714285714285,9.127418765972983e-05,-4.254,-12.266,1.883,-0.5960000000000001,159.38500000000002,17.0,6.5600000000000005,1.8800000000000008,0.7916666666666666,0.3341395210556347,22.0,272.101,17.0,8.696000000000002,39.196,19.0,57.67892111225579,46.71186066420429,19.0
1078,1,Typical,click,Lachs,74.0081045540914,42842.5,982,710,2,-1.1001374696206898,3.541,7.77,1.0,0.0009478672985781991,-1.035,-8.805,10.285,1.1550000000000011,144.0922,18.0,0.0,0.0,0.041666666666666664,6.089705803380613,17.0,161.35778,17.0,101.29222,0.0,18.0,183.51630680482114,40.1096654152545,18.0
1078,1,Typical,click,Loewe,153.677047128534,113246.5,1222,814,0,-0.5583265978774836,5.51,7.688,0.05,0.0002795638803466592,-5.027,-10.305,0.21499999999999986,-1.2889999999999997,152.458,17.0,2.63,2.63,0.9166666666666666,0.19016061941084472,20.0,230.844,0.0,0.8309999999999995,34.827,20.0,64.0926005884869,40.3879506035535,20.0
1078,1,Typical,click,Pferd,210.252359535545,188499.0,1189,780,2,-0.6328255927421744,4.496,7.67,0.022727272727272728,0.0003792188092529389,-6.055,-9.88,-0.12099999999999955,-2.243000000000001,147.17399999999998,17.0,3.4650000000000007,2.479000000000001,1.0,0.11968439300255372,20.0,227.091,0.0,0.3200000000000003,35.980000000000004,4.0,48.46719800578261,39.341101111093735,20.0
1078,1,Typical,click,Spatz,-103.743809842773,-37988.0,1373,900,1,-0.21743725773904973,4.57,7.566,1.0,0.0055248618784530384,-1.347,-7.027,8.363000000000001,2.9330000000000007,144.0912,17.0,0.0,0.0,0.041666666666666664,6.366632781654495,17.0,141.23298,17.0,117.94501999999999,0.0,17.0,126.0473080182301,32.63877843707358,18.0
1078,1,Atypical,click,Aal,-89.6536971701927,-48237.5,1549,900,1,0.17989071487263478,4.24,7.477,1.0,0.0019011406844106464,-1.614,-8.125,5.753,3.359,144.142,17.0,0.0,0.0,0.041666666666666664,5.350612693200015,18.0,165.81730000000002,18.0,117.51970000000001,0.0,19.0,143.91418385457848,60.76871534313391,19.0
1078,1,Atypical,click,Fledermaus,52.5308265688882,20795.0,2005,1380,4,1.2093313711847264,4.906,7.652,0.0018656716417910447,0.00028538812785388126,-8.734,-10.266,-5.031000000000001,-2.3259999999999996,165.516,16.0,0.0,0.0,1.0,0.013391970707803893,20.0,246.002,0.0,0.0,71.10400000000001,4.0,33.0876255149752,94.95394459707009,11.0
1078,1,Atypical,click,Pinguin,632.267914745896,370105.0,1374,1110,4,-0.2151797124401197,3.906,7.797,1.0,0.00510204081632653,-1.1875,-7.18,1.3624999999999998,1.5999999999999996,145.61399999999998,17.0,0.0,0.0,0.041666666666666664,5.679021674422119,18.0,146.9875,17.0,33.1655,0.0,17.0,55.065940584902386,33.47984880766462,18.0
1078,1,Atypical,click,Schmetterling,613.379394855745,157866.5,1830,1110,2,0.814260943871972,4.43,7.85,0.3333333333333333,0.002136752136752137,-2.312,-7.945,1.411,-0.47500000000000053,158.62099999999998,17.0,4.65,2.465,0.75,5.691326469022061,17.0,179.6365,16.0,10.327499999999999,28.194,4.0,82.81711961061038,45.56419321270815,20.0
1078,1,Atypical,click,Seeloewe,59.4242087546108,49844.5,1574,1070,0,0.23632934734588543,4.348,7.875,0.05263157894736842,0.0005339028296849973,-5.105,-9.414,-2.9530000000000003,-0.4339999999999993,149.56099999999998,17.0,3.7669999999999995,3.7669999999999995,1.0,0.17601902325040447,20.0,221.144,0.0,0.0,42.194,21.0,46.43150387400727,85.84442051756527,20.0
1078,1,Atypical,click,Wal,990.814562476068,520411.0,1381,1125,2,-0.19937689534760952,4.02,7.723,0.125,0.0005310674455655868,-4.82,-9.46,-3.5730000000000004,-0.5150000000000006,146.208,17.0,3.4582999999999995,3.4582999999999995,1.0,0.30788095004842325,22.0,217.32299999999998,0.0,0.0600000000000005,42.3699,21.0,39.597979746446654,83.76453221196577,20.0
1079,1,Typical,click,Alligator,-53.4550889248164,-12647.5,1454,670,2,0.3419629082463987,4.45,7.72,1.0,0.0001318217769575534,-1.651,-11.46,3.199,-1.7800000000000011,145.1859,16.0,5.68,2.790000000000001,0.7916666666666666,2.046305650511986,22.0,255.92399999999998,4.0,14.643,48.59700000000001,18.0,75.12180909347863,53.99820243997104,18.0
1079,1,Typical,click,Chamaeleon,889.93917590415,525347.0,2102,1140,1,2.347797746897977,5.184,7.64,0.14285714285714285,0.00013747594171020073,-3.97,-11.42,-2.133,-3.9699999999999998,151.466,17.0,3.0470000000000015,2.112000000000001,1.0,0.32327882020439247,22.0,270.342,7.0,0.0,82.36999999999999,22.0,37.45162754661942,87.97747993854695,5.0
1079,1,Typical,click,Falke,634.849343703574,396610.0,1117,700,1,-0.7011950248177711,4.1,7.598,1.0,0.005917159763313609,-1.225,-7.05,6.791,5.500000000000001,140.834,17.0,0.0,0.0,0.041666666666666664,6.282913899443543,17.0,142.54299999999998,17.0,169.77300000000002,0.0,17.0,155.26518118772736,52.5185607843192,18.0
1079,1,Typical,click,Goldfisch,-57.5046448368613,-14361.0,1021,580,0,-0.9983557416550419,2.568,7.555,1.0,0.001451378809869376,-0.4539,-8.414,6.0731,3.2859999999999996,137.4658,17.0,0.3800000000000008,0.0,0.08333333333333333,5.254619675872444,18.0,162.2903,18.0,83.28269999999999,0.3800000000000008,19.0,130.99429335067194,65.66149375924455,19.0
1079,1,Typical,click,Hai,238.438251711057,96021.0,1246,661,1,-0.3018853115676883,3.463,7.656,0.5,0.0010214504596527069,-1.455,-8.75,6.6850000000000005,1.0549999999999997,146.10299999999998,17.0,0.0,0.0,0.041666666666666664,3.5044191848582944,19.0,170.33700000000002,18.0,66.883,0.0,19.0,115.92960434836164,32.52035186190416,19.0
1079,1,Typical,click,Hund,95.74930311895,15614.5,1501,820,1,0.48744784253131257,4.71,7.824,0.07142857142857142,0.0003957261574990107,-4.895,-9.766,1.2930000000000001,-0.8559999999999999,145.851,16.0,0.9599999999999991,0.9599999999999991,0.75,0.2733185827431956,19.0,224.609,0.0,16.677,5.531000000000001,16.0,60.38654795132443,41.35746029182099,16.0
1079,1,Typical,click,Kaninchen,814.203166395655,217375.0,1597,1060,2,0.7846085593685834,5.434,7.836,0.07142857142857142,0.0005599104143337066,-4.344,-9.39,0.8319999999999999,2.51,142.117,16.0,0.0,0.0,0.041666666666666664,0.22004211053077194,22.0,223.166,0.0,67.84799999999998,0.0,0.0,66.49600405715856,42.205436002072055,1.0
1079,1,Typical,click,Katze,120.153905900032,72182.5,997,580,0,-1.0726459208643597,5.355,7.812,0.1111111111111111,0.0004655493482309125,-4.63,-9.59,-0.06400000000000006,2.75,149.12400000000002,17.0,0.0,0.0,1.0,0.27924582434778517,22.0,223.119,0.0,61.901999999999994,0.06400000000000006,15.0,64.76828807422034,43.08931947855524,1.0
1079,1,Typical,click,Klapperschlange,95.0221778361144,56795.0,1518,741,1,0.5400700528045793,4.68,7.582,0.14285714285714285,9.127418765972983e-05,-4.254,-12.266,1.883,-0.5960000000000001,159.38500000000002,17.0,6.5600000000000005,1.8800000000000008,0.7916666666666666,0.3341395210556347,22.0,272.101,17.0,8.696000000000002,39.196,19.0,57.67892111225579,46.71186066420429,19.0
1079,1,Typical,click,Lachs,46.6955266324249,13276.5,1261,780,0,-0.2554539495618647,3.541,7.77,1.0,0.0009478672985781991,-1.035,-8.805,10.285,1.1550000000000011,144.0922,18.0,0.0,0.0,0.041666666666666664,6.089705803380613,17.0,161.35778,17.0,101.29222,0.0,18.0,183.51630680482114,40.1096654152545,18.0
1079,1,Typical,click,Loewe,-76.2785980322168,-44532.5,950,630,0,-1.2181308551492736,5.51,7.688,0.05,0.0002795638803466592,-5.027,-10.305,0.21499999999999986,-1.2889999999999997,152.458,17.0,2.63,2.63,0.9166666666666666,0.19016061941084472,20.0,230.844,0.0,0.8309999999999995,34.827,20.0,64.0926005884869,40.3879506035535,20.0
1079,1,Typical,click,Pferd,-92.2452945123536,-17074.0,1053,620,1,-0.8993021693759516,4.496,7.67,0.022727272727272728,0.0003792188092529389,-6.055,-9.88,-0.12099999999999955,-2.243000000000001,147.17399999999998,17.0,3.4650000000000007,2.479000000000001,1.0,0.11968439300255372,20.0,227.091,0.0,0.3200000000000003,35.980000000000004,4.0,48.46719800578261,39.341101111093735,20.0
1079,1,Typical,click,Spatz,71.010944797976,34949.5,1142,540,0,-0.6238094214747317,4.57,7.566,1.0,0.0055248618784530384,-1.347,-7.027,8.363000000000001,2.9330000000000007,144.0912,17.0,0.0,0.0,0.041666666666666664,6.366632781654495,17.0,141.23298,17.0,117.94501999999999,0.0,17.0,126.0473080182301,32.63877843707358,18.0
1079,1,Atypical,click,Aal,-79.5348911551415,-41168.0,1605,580,0,0.809371952438356,4.24,7.477,1.0,0.0019011406844106464,-1.614,-8.125,5.753,3.359,144.142,17.0,0.0,0.0,0.041666666666666664,5.350612693200015,18.0,165.81730000000002,18.0,117.51970000000001,0.0,19.0,143.91418385457848,60.76871534313391,19.0
1079,1,Atypical,click,Fledermaus,-70.5899616282056,-35818.5,1045,620,0,-0.9240655624457242,4.906,7.652,0.0018656716417910447,0.00028538812785388126,-8.734,-10.266,-5.031000000000001,-2.3259999999999996,165.516,16.0,0.0,0.0,1.0,0.013391970707803893,20.0,246.002,0.0,0.0,71.10400000000001,4.0,33.0876255149752,94.95394459707009,11.0
1079,1,Atypical,click,Pinguin,246.988694632988,51125.5,1549,1060,2,0.636028200949948,3.906,7.797,1.0,0.00510204081632653,-1.1875,-7.18,1.3624999999999998,1.5999999999999996,145.61399999999998,17.0,0.0,0.0,0.041666666666666664,5.679021674422119,18.0,146.9875,17.0,33.1655,0.0,17.0,55.065940584902386,33.47984880766462,18.0
1079,1,Atypical,click,Schmetterling,-88.4118814995128,-52543.5,965,540,1,-1.17169949314345,4.43,7.85,0.3333333333333333,0.002136752136752137,-2.312,-7.945,1.411,-0.47500000000000053,158.62099999999998,17.0,4.65,2.465,0.75,5.691326469022061,17.0,179.6365,16.0,10.327499999999999,28.194,4.0,82.81711961061038,45.56419321270815,20.0
1079,1,Atypical,click,Seeloewe,903.109275840642,516065.5,1702,1190,1,1.1096280934093485,4.348,7.875,0.05263157894736842,0.0005339028296849973,-5.105,-9.414,-2.9530000000000003,-0.4339999999999993,149.56099999999998,17.0,3.7669999999999995,3.7669999999999995,1.0,0.17601902325040447,20.0,221.144,0.0,0.0,42.194,21.0,46.43150387400727,85.84442051756527,20.0
1079,1,Atypical,click,Wal,814.979143154985,490944.5,1702,1190,1,1.1096280934093485,4.02,7.723,0.125,0.0005310674455655868,-4.82,-9.46,-3.5730000000000004,-0.5150000000000006,146.208,17.0,3.4582999999999995,3.4582999999999995,1.0,0.30788095004842325,22.0,217.32299999999998,0.0,0.0600000000000005,42.3699,21.0,39.597979746446654,83.76453221196577,20.0
1080,1,Typical,touch,Alligator,43.6931214573244,23771.5,1341,1261,0,0.04354857322186054,4.45,7.72,1.0,0.0001318217769575534,-1.651,-11.46,3.199,-1.7800000000000011,145.1859,16.0,5.68,2.790000000000001,0.7916666666666666,2.046305650511986,22.0,255.92399999999998,4.0,14.643,48.59700000000001,18.0,75.12180909347863,53.99820243997104,18.0
1080,1,Typical,touch,Chamaeleon,35.7154927652303,9330.5,1370,1220,0,0.102650208308671,5.184,7.64,0.14285714285714285,0.00013747594171020073,-3.97,-11.42,-2.133,-3.9699999999999998,151.466,17.0,3.0470000000000015,2.112000000000001,1.0,0.32327882020439247,22.0,270.342,7.0,0.0,82.36999999999999,22.0,37.45162754661942,87.97747993854695,5.0
1080,1,Typical,touch,Falke,47.1853041529363,29988.5,930,860,0,-0.7940642550774187,4.1,7.598,1.0,0.005917159763313609,-1.225,-7.05,6.791,5.500000000000001,140.834,17.0,0.0,0.0,0.041666666666666664,6.282913899443543,17.0,142.54299999999998,17.0,169.77300000000002,0.0,17.0,155.26518118772736,52.5185607843192,18.0
1080,1,Typical,touch,Goldfisch,-37.9306375579256,-17439.5,1420,950,0,0.20454957914799937,2.568,7.555,1.0,0.001451378809869376,-0.4539,-8.414,6.0731,3.2859999999999996,137.4658,17.0,0.3800000000000008,0.0,0.08333333333333333,5.254619675872444,18.0,162.2903,18.0,83.28269999999999,0.3800000000000008,19.0,130.99429335067194,65.66149375924455,19.0
1080,1,Typical,touch,Hai,27.1033341874932,6859.5,960,630,0,-0.7329246325738217,3.463,7.656,0.5,0.0010214504596527069,-1.455,-8.75,6.6850000000000005,1.0549999999999997,146.10299999999998,17.0,0.0,0.0,0.041666666666666664,3.5044191848582944,19.0,170.33700000000002,18.0,66.883,0.0,19.0,115.92960434836164,32.52035186190416,19.0
1080,1,Typical,touch,Hund,-15.4960867532551,-7632.5,870,780,0,-0.9163435000846128,4.71,7.824,0.07142857142857142,0.0003957261574990107,-4.895,-9.766,1.2930000000000001,-0.8559999999999999,145.851,16.0,0.9599999999999991,0.9599999999999991,0.75,0.2733185827431956,19.0,224.609,0.0,16.677,5.531000000000001,16.0,60.38654795132443,41.35746029182099,16.0
1080,1,Typical,touch,Kaninchen,23.5247609532072,4914.0,1275,1165,0,-0.09095859628605293,5.434,7.836,0.07142857142857142,0.0005599104143337066,-4.344,-9.39,0.8319999999999999,2.51,142.117,16.0,0.0,0.0,0.041666666666666664,0.22004211053077194,22.0,223.166,0.0,67.84799999999998,0.0,0.0,66.49600405715856,42.205436002072055,1.0
1080,1,Typical,touch,Katze,-51.1462767899558,-29386.5,930,780,0,-0.7940642550774187,5.355,7.812,0.1111111111111111,0.0004655493482309125,-4.63,-9.59,-0.06400000000000006,2.75,149.12400000000002,17.0,0.0,0.0,1.0,0.27924582434778517,22.0,223.119,0.0,61.901999999999994,0.06400000000000006,15.0,64.76828807422034,43.08931947855524,1.0
1080,1,Typical,touch,Klapperschlange,-33.441753803522,-9605.5,1620,1220,0,0.6121470625053129,4.68,7.582,0.14285714285714285,9.127418765972983e-05,-4.254,-12.266,1.883,-0.5960000000000001,159.38500000000002,17.0,6.5600000000000005,1.8800000000000008,0.7916666666666666,0.3341395210556347,22.0,272.101,17.0,8.696000000000002,39.196,19.0,57.67892111225579,46.71186066420429,19.0
1080,1,Typical,touch,Lachs,13.9049773755656,4895.5,940,870,0,-0.773684380909553,3.541,7.77,1.0,0.0009478672985781991,-1.035,-8.805,10.285,1.1550000000000011,144.0922,18.0,0.0,0.0,0.041666666666666664,6.089705803380613,17.0,161.35778,17.0,101.29222,0.0,18.0,183.51630680482114,40.1096654152545,18.0
1080,1,Typical,touch,Loewe,64.5626571768068,38144.0,855,765,0,-0.9469133113364113,5.51,7.688,0.05,0.0002795638803466592,-5.027,-10.305,0.21499999999999986,-1.2889999999999997,152.458,17.0,2.63,2.63,0.9166666666666666,0.19016061941084472,20.0,230.844,0.0,0.8309999999999995,34.827,20.0,64.0926005884869,40.3879506035535,20.0
1080,1,Typical,touch,Pferd,-58.0205316723314,-29266.0,931,741,0,-0.7920262676606322,4.496,7.67,0.022727272727272728,0.0003792188092529389,-6.055,-9.88,-0.12099999999999955,-2.243000000000001,147.17399999999998,17.0,3.4650000000000007,2.479000000000001,1.0,0.11968439300255372,20.0,227.091,0.0,0.3200000000000003,35.980000000000004,4.0,48.46719800578261,39.341101111093735,20.0
1080,1,Typical,touch,Spatz,-21.9057553855845,-3029.0,1104,1014,0,-0.43945444455655597,4.57,7.566,1.0,0.0055248618784530384,-1.347,-7.027,8.363000000000001,2.9330000000000007,144.0912,17.0,0.0,0.0,0.041666666666666664,6.366632781654495,17.0,141.23298,17.0,117.94501999999999,0.0,17.0,126.0473080182301,32.63877843707358,18.0
1080,1,Atypical,touch,Aal,58.0364104628127,40591.5,2430,2420,1,2.2629168701024325,4.24,7.477,1.0,0.0019011406844106464,-1.614,-8.125,5.753,3.359,144.142,17.0,0.0,0.0,0.041666666666666664,5.350612693200015,18.0,165.81730000000002,18.0,117.51970000000001,0.0,19.0,143.91418385457848,60.76871534313391,19.0
1080,1,Atypical,touch,Fledermaus,15.0183499526499,251.5,1342,1212,0,0.045586560638647106,4.906,7.652,0.0018656716417910447,0.00028538812785388126,-8.734,-10.266,-5.031000000000001,-2.3259999999999996,165.516,16.0,0.0,0.0,1.0,0.013391970707803893,20.0,246.002,0.0,0.0,71.10400000000001,4.0,33.0876255149752,94.95394459707009,11.0
1080,1,Atypical,touch,Pinguin,43.8932631035887,22547.5,2610,2470,0,2.629754605124015,3.906,7.797,1.0,0.00510204081632653,-1.1875,-7.18,1.3624999999999998,1.5999999999999996,145.61399999999998,17.0,0.0,0.0,0.041666666666666664,5.679021674422119,18.0,146.9875,17.0,33.1655,0.0,17.0,55.065940584902386,33.47984880766462,18.0
1080,1,Atypical,touch,Schmetterling,19.0320397230783,9074.0,1100,1060,0,-0.44760639422370224,4.43,7.85,0.3333333333333333,0.002136752136752137,-2.312,-7.945,1.411,-0.47500000000000053,158.62099999999998,17.0,4.65,2.465,0.75,5.691326469022061,17.0,179.6365,16.0,10.327499999999999,28.194,4.0,82.81711961061038,45.56419321270815,20.0
1080,1,Atypical,touch,Seeloewe,-30.5949354868518,-14697.5,1581,1421,0,0.5326655532506368,4.348,7.875,0.05263157894736842,0.0005339028296849973,-5.105,-9.414,-2.9530000000000003,-0.4339999999999993,149.56099999999998,17.0,3.7669999999999995,3.7669999999999995,1.0,0.17601902325040447,20.0,221.144,0.0,0.0,42.194,21.0,46.43150387400727,85.84442051756527,20.0
1080,1,Atypical,touch,Wal,-31.7569390221742,-13866.5,1464,1300,0,0.29422102548660833,4.02,7.723,0.125,0.0005310674455655868,-4.82,-9.46,-3.5730000000000004,-0.5150000000000006,146.208,17.0,3.4582999999999995,3.4582999999999995,1.0,0.30788095004842325,22.0,217.32299999999998,0.0,0.0600000000000005,42.3699,21.0,39.597979746446654,83.76453221196577,20.0
1081,0,Typical,touch,Hai,-43.6542030381279,-380.0,2320,1460,0,-0.10424414310597498,3.463,7.656,0.5,0.0010214504596527069,-1.455,-8.75,6.6850000000000005,1.0549999999999997,146.10299999999998,17.0,0.0,0.0,0.041666666666666664,3.5044191848582944,19.0,170.33700000000002,18.0,66.883,0.0,19.0,115.92960434836164,32.52035186190416,19.0
1081,0,Typical,touch,Klapperschlange,142.614019719976,3508.5,20049,18940,2,4.102625852028898,4.68,7.582,0.14285714285714285,9.127418765972983e-05,-4.254,-12.266,1.883,-0.5960000000000001,159.38500000000002,17.0,6.5600000000000005,1.8800000000000008,0.7916666666666666,0.3341395210556347,22.0,272.101,17.0,8.696000000000002,39.196,19.0,57.67892111225579,46.71186066420429,19.0
1081,1,Typical,touch,Alligator,-37.5635227132253,-11252.5,1510,1060,0,-0.2964470138860103,4.45,7.72,1.0,0.0001318217769575534,-1.651,-11.46,3.199,-1.7800000000000011,145.1859,16.0,5.68,2.790000000000001,0.7916666666666666,2.046305650511986,22.0,255.92399999999998,4.0,14.643,48.59700000000001,18.0,75.12180909347863,53.99820243997104,18.0
1081,1,Typical,touch,Chamaeleon,24.8472792939754,15292.5,1700,1460,0,-0.25136238987587856,5.184,7.64,0.14285714285714285,0.00013747594171020073,-3.97,-11.42,-2.133,-3.9699999999999998,151.466,17.0,3.0470000000000015,2.112000000000001,1.0,0.32327882020439247,22.0,270.342,7.0,0.0,82.36999999999999,22.0,37.45162754661942,87.97747993854695,5.0
1081,1,Typical,touch,Falke,41.6892681947922,7639.5,1701,1101,2,-0.2511251023810884,4.1,7.598,1.0,0.005917159763313609,-1.225,-7.05,6.791,5.500000000000001,140.834,17.0,0.0,0.0,0.041666666666666664,6.282913899443543,17.0,142.54299999999998,17.0,169.77300000000002,0.0,17.0,155.26518118772736,52.5185607843192,18.0
1081,1,Typical,touch,Goldfisch,34.9649424952223,3668.5,1210,1140,1,-0.36763326232306043,2.568,7.555,1.0,0.001451378809869376,-0.4539,-8.414,6.0731,3.2859999999999996,137.4658,17.0,0.3800000000000008,0.0,0.08333333333333333,5.254619675872444,18.0,162.2903,18.0,83.28269999999999,0.3800000000000008,19.0,130.99429335067194,65.66149375924455,19.0
1081,1,Typical,touch,Hund,-96.9294015041612,-11548.5,1391,941,1,-0.3246842257660402,4.71,7.824,0.07142857142857142,0.0003957261574990107,-4.895,-9.766,1.2930000000000001,-0.8559999999999999,145.851,16.0,0.9599999999999991,0.9599999999999991,0.75,0.2733185827431956,19.0,224.609,0.0,16.677,5.531000000000001,16.0,60.38654795132443,41.35746029182099,16.0
1081,1,Typical,touch,Kaninchen,-88.4399672939989,-27357.0,1460,900,1,-0.30831138862551866,5.434,7.836,0.07142857142857142,0.0005599104143337066,-4.344,-9.39,0.8319999999999999,2.51,142.117,16.0,0.0,0.0,0.041666666666666664,0.22004211053077194,22.0,223.166,0.0,67.84799999999998,0.0,0.0,66.49600405715856,42.205436002072055,1.0
1081,1,Typical,touch,Katze,125.072722391731,51813.5,1430,1020,0,-0.31543001346922367,5.355,7.812,0.1111111111111111,0.0004655493482309125,-4.63,-9.59,-0.06400000000000006,2.75,149.12400000000002,17.0,0.0,0.0,1.0,0.27924582434778517,22.0,223.119,0.0,61.901999999999994,0.06400000000000006,15.0,64.76828807422034,43.08931947855524,1.0
1081,1,Typical,touch,Lachs,58.9407889694162,37245.5,1380,1300,0,-0.327294388208732,3.541,7.77,1.0,0.0009478672985781991,-1.035,-8.805,10.285,1.1550000000000011,144.0922,18.0,0.0,0.0,0.041666666666666664,6.089705803380613,17.0,161.35778,17.0,101.29222,0.0,18.0,183.51630680482114,40.1096654152545,18.0
1081,1,Typical,touch,Loewe,129.011647675896,30442.0,1660,1140,1,-0.26085388966748524,5.51,7.688,0.05,0.0002795638803466592,-5.027,-10.305,0.21499999999999986,-1.2889999999999997,152.458,17.0,2.63,2.63,0.9166666666666666,0.19016061941084472,20.0,230.844,0.0,0.8309999999999995,34.827,20.0,64.0926005884869,40.3879506035535,20.0
1081,1,Typical,touch,Pferd,121.035021617184,75793.5,1190,660,1,-0.37237901221886377,4.496,7.67,0.022727272727272728,0.0003792188092529389,-6.055,-9.88,-0.12099999999999955,-2.243000000000001,147.17399999999998,17.0,3.4650000000000007,2.479000000000001,1.0,0.11968439300255372,20.0,227.091,0.0,0.3200000000000003,35.980000000000004,4.0,48.46719800578261,39.341101111093735,20.0
1081,1,Typical,touch,Spatz,-73.0523124863302,-26174.5,1630,1100,0,-0.26797251451119025,4.57,7.566,1.0,0.0055248618784530384,-1.347,-7.027,8.363000000000001,2.9330000000000007,144.0912,17.0,0.0,0.0,0.041666666666666664,6.366632781654495,17.0,141.23298,17.0,117.94501999999999,0.0,17.0,126.0473080182301,32.63877843707358,18.0
1081,1,Atypical,touch,Aal,-52.6868433314054,-20315.0,2120,1230,0,-0.15170164206400838,4.24,7.477,1.0,0.0019011406844106464,-1.614,-8.125,5.753,3.359,144.142,17.0,0.0,0.0,0.041666666666666664,5.350612693200015,18.0,165.81730000000002,18.0,117.51970000000001,0.0,19.0,143.91418385457848,60.76871534313391,19.0
1081,1,Atypical,touch,Fledermaus,-72.1649089737544,-19203.0,2840,1710,4,0.019145354184911915,4.906,7.652,0.0018656716417910447,0.00028538812785388126,-8.734,-10.266,-5.031000000000001,-2.3259999999999996,165.516,16.0,0.0,0.0,1.0,0.013391970707803893,20.0,246.002,0.0,0.0,71.10400000000001,4.0,33.0876255149752,94.95394459707009,11.0
1081,1,Atypical,touch,Pinguin,-45.4295632960995,546.0,2845,2390,1,0.02033179165886275,3.906,7.797,1.0,0.00510204081632653,-1.1875,-7.18,1.3624999999999998,1.5999999999999996,145.61399999999998,17.0,0.0,0.0,0.041666666666666664,5.679021674422119,18.0,146.9875,17.0,33.1655,0.0,17.0,55.065940584902386,33.47984880766462,18.0
1081,1,Atypical,touch,Schmetterling,-57.0530189347653,-24739.5,1910,1550,0,-0.20153201596994347,4.43,7.85,0.3333333333333333,0.002136752136752137,-2.312,-7.945,1.411,-0.47500000000000053,158.62099999999998,17.0,4.65,2.465,0.75,5.691326469022061,17.0,179.6365,16.0,10.327499999999999,28.194,4.0,82.81711961061038,45.56419321270815,20.0
1081,1,Atypical,touch,Seeloewe,88.6154020926322,30058.0,2010,1700,0,-0.17780326649092676,4.348,7.875,0.05263157894736842,0.0005339028296849973,-5.105,-9.414,-2.9530000000000003,-0.4339999999999993,149.56099999999998,17.0,3.7669999999999995,3.7669999999999995,1.0,0.17601902325040447,20.0,221.144,0.0,0.0,42.194,21.0,46.43150387400727,85.84442051756527,20.0
1081,1,Atypical,touch,Wal,213.431516111694,87944.0,2071,1381,2,-0.16332872930872658,4.02,7.723,0.125,0.0005310674455655868,-4.82,-9.46,-3.5730000000000004,-0.5150000000000006,146.208,17.0,3.4582999999999995,3.4582999999999995,1.0,0.30788095004842325,22.0,217.32299999999998,0.0,0.0600000000000005,42.3699,21.0,39.597979746446654,83.76453221196577,20.0
1082,0,Typical,touch,Hai,81.9740454245922,56402.5,1263,1093,0,-0.1427623717809024,3.463,7.656,0.5,0.0010214504596527069,-1.455,-8.75,6.6850000000000005,1.0549999999999997,146.10299999999998,17.0,0.0,0.0,0.041666666666666664,3.5044191848582944,19.0,170.33700000000002,18.0,66.883,0.0,19.0,115.92960434836164,32.52035186190416,19.0
1082,0,Typical,touch,Hund,19.3695639303046,332.5,830,780,0,-1.1622988584488587,4.71,7.824,0.07142857142857142,0.0003957261574990107,-4.895,-9.766,1.2930000000000001,-0.8559999999999999,145.851,16.0,0.9599999999999991,0.9599999999999991,0.75,0.2733185827431956,19.0,224.609,0.0,16.677,5.531000000000001,16.0,60.38654795132443,41.35746029182099,16.0
1082,0,Typical,touch,Klapperschlange,-24.6401200076085,-5085.5,2218,1958,0,2.1058689094382625,4.68,7.582,0.14285714285714285,9.127418765972983e-05,-4.254,-12.266,1.883,-0.5960000000000001,159.38500000000002,17.0,6.5600000000000005,1.8800000000000008,0.7916666666666666,0.3341395210556347,22.0,272.101,17.0,8.696000000000002,39.196,19.0,57.67892111225579,46.71186066420429,19.0
1082,0,Atypical,touch,Seeloewe,-45.4552840075305,4414.5,1270,1180,0,-0.12628025767772527,4.348,7.875,0.05263157894736842,0.0005339028296849973,-5.105,-9.414,-2.9530000000000003,-0.4339999999999993,149.56099999999998,17.0,3.7669999999999995,3.7669999999999995,1.0,0.17601902325040447,20.0,221.144,0.0,0.0,42.194,21.0,46.43150387400727,85.84442051756527,20.0
1082,1,Typical,touch,Alligator,-45.353614408243,-22268.5,1591,1501,0,0.6295424033393971,4.45,7.72,1.0,0.0001318217769575534,-1.651,-11.46,3.199,-1.7800000000000011,145.1859,16.0,5.68,2.790000000000001,0.7916666666666666,2.046305650511986,22.0,255.92399999999998,4.0,14.643,48.59700000000001,18.0,75.12180909347863,53.99820243997104,18.0
1082,1,Typical,touch,Chamaeleon,-26.6402751805983,-18143.5,1340,1270,0,0.038540883354045985,5.184,7.64,0.14285714285714285,0.00013747594171020073,-3.97,-11.42,-2.133,-3.9699999999999998,151.466,17.0,3.0470000000000015,2.112000000000001,1.0,0.32327882020439247,22.0,270.342,7.0,0.0,82.36999999999999,22.0,37.45162754661942,87.97747993854695,5.0
1082,1,Typical,touch,Falke,-34.0446878756209,-17518.5,960,790,0,-0.8562024536755694,4.1,7.598,1.0,0.005917159763313609,-1.225,-7.05,6.791,5.500000000000001,140.834,17.0,0.0,0.0,0.041666666666666664,6.282913899443543,17.0,142.54299999999998,17.0,169.77300000000002,0.0,17.0,155.26518118772736,52.5185607843192,18.0
1082,1,Typical,touch,Goldfisch,-52.1417380976067,-31543.0,1751,1421,0,1.0062764399834456,2.568,7.555,1.0,0.001451378809869376,-0.4539,-8.414,6.0731,3.2859999999999996,137.4658,17.0,0.3800000000000008,0.0,0.08333333333333333,5.254619675872444,18.0,162.2903,18.0,83.28269999999999,0.3800000000000008,19.0,130.99429335067194,65.66149375924455,19.0
1082,1,Typical,touch,Kaninchen,-36.3521309297632,-22685.5,1170,1100,0,-0.3617390305802556,5.434,7.836,0.07142857142857142,0.0005599104143337066,-4.344,-9.39,0.8319999999999999,2.51,142.117,16.0,0.0,0.0,0.041666666666666664,0.22004211053077194,22.0,223.166,0.0,67.84799999999998,0.0,0.0,66.49600405715856,42.205436002072055,1.0
1082,1,Typical,touch,Katze,30.5404474076534,9596.5,950,780,0,-0.8797483309658224,5.355,7.812,0.1111111111111111,0.0004655493482309125,-4.63,-9.59,-0.06400000000000006,2.75,149.12400000000002,17.0,0.0,0.0,1.0,0.27924582434778517,22.0,223.119,0.0,61.901999999999994,0.06400000000000006,15.0,64.76828807422034,43.08931947855524,1.0
1082,1,Typical,touch,Lachs,22.030047063281,11119.0,950,860,0,-0.8797483309658224,3.541,7.77,1.0,0.0009478672985781991,-1.035,-8.805,10.285,1.1550000000000011,144.0922,18.0,0.0,0.0,0.041666666666666664,6.089705803380613,17.0,161.35778,17.0,101.29222,0.0,18.0,183.51630680482114,40.1096654152545,18.0
1082,1,Typical,touch,Loewe,-35.5647872796265,-19733.5,970,740,0,-0.8326565763853163,5.51,7.688,0.05,0.0002795638803466592,-5.027,-10.305,0.21499999999999986,-1.2889999999999997,152.458,17.0,2.63,2.63,0.9166666666666666,0.19016061941084472,20.0,230.844,0.0,0.8309999999999995,34.827,20.0,64.0926005884869,40.3879506035535,20.0
1082,1,Typical,touch,Pferd,37.3709475861409,16134.5,1001,781,0,-0.7596643567855319,4.496,7.67,0.022727272727272728,0.0003792188092529389,-6.055,-9.88,-0.12099999999999955,-2.243000000000001,147.17399999999998,17.0,3.4650000000000007,2.479000000000001,1.0,0.11968439300255372,20.0,227.091,0.0,0.3200000000000003,35.980000000000004,4.0,48.46719800578261,39.341101111093735,20.0
1082,1,Typical,touch,Spatz,-52.6053297100633,-25338.0,930,780,0,-0.9268400855463285,4.57,7.566,1.0,0.0055248618784530384,-1.347,-7.027,8.363000000000001,2.9330000000000007,144.0912,17.0,0.0,0.0,0.041666666666666664,6.366632781654495,17.0,141.23298,17.0,117.94501999999999,0.0,17.0,126.0473080182301,32.63877843707358,18.0
1082,1,Atypical,touch,Aal,-48.2209919425464,-31248.0,1734,1404,0,0.9662484485900156,4.24,7.477,1.0,0.0019011406844106464,-1.614,-8.125,5.753,3.359,144.142,17.0,0.0,0.0,0.041666666666666664,5.350612693200015,18.0,165.81730000000002,18.0,117.51970000000001,0.0,19.0,143.91418385457848,60.76871534313391,19.0
1082,1,Atypical,touch,Fledermaus,25.0003621692261,-5560.0,1581,751,0,0.6059965260491441,4.906,7.652,0.0018656716417910447,0.00028538812785388126,-8.734,-10.266,-5.031000000000001,-2.3259999999999996,165.516,16.0,0.0,0.0,1.0,0.013391970707803893,20.0,246.002,0.0,0.0,71.10400000000001,4.0,33.0876255149752,94.95394459707009,11.0
1082,1,Atypical,touch,Pinguin,71.4897515955584,40639.0,1301,941,0,-0.05328803807794085,3.906,7.797,1.0,0.00510204081632653,-1.1875,-7.18,1.3624999999999998,1.5999999999999996,145.61399999999998,17.0,0.0,0.0,0.041666666666666664,5.679021674422119,18.0,146.9875,17.0,33.1655,0.0,17.0,55.065940584902386,33.47984880766462,18.0
1082,1,Atypical,touch,Schmetterling,-24.0094159176539,-10360.0,2239,1909,1,2.1553152517477936,4.43,7.85,0.3333333333333333,0.002136752136752137,-2.312,-7.945,1.411,-0.47500000000000053,158.62099999999998,17.0,4.65,2.465,0.75,5.691326469022061,17.0,179.6365,16.0,10.327499999999999,28.194,4.0,82.81711961061038,45.56419321270815,20.0
1082,1,Atypical,touch,Wal,51.1367470813746,27864.0,1100,780,0,-0.5265601716120268,4.02,7.723,0.125,0.0005310674455655868,-4.82,-9.46,-3.5730000000000004,-0.5150000000000006,146.208,17.0,3.4582999999999995,3.4582999999999995,1.0,0.30788095004842325,22.0,217.32299999999998,0.0,0.0600000000000005,42.3699,21.0,39.597979746446654,83.76453221196577,20.0
1083,0,Atypical,click,Wal,238.042246269805,153154.0,1405,540,3,-0.3793159113846534,4.02,7.723,0.125,0.0005310674455655868,-4.82,-9.46,-3.5730000000000004,-0.5150000000000006,146.208,17.0,3.4582999999999995,3.4582999999999995,1.0,0.30788095004842325,22.0,217.32299999999998,0.0,0.0600000000000005,42.3699,21.0,39.597979746446654,83.76453221196577,20.0
1083,1,Typical,click,Alligator,222.728893837761,191778.5,1261,820,2,-0.6624060187355567,4.45,7.72,1.0,0.0001318217769575534,-1.651,-11.46,3.199,-1.7800000000000011,145.1859,16.0,5.68,2.790000000000001,0.7916666666666666,2.046305650511986,22.0,255.92399999999998,4.0,14.643,48.59700000000001,18.0,75.12180909347863,53.99820243997104,18.0
1083,1,Typical,click,Chamaeleon,1192.51776765743,579222.0,1293,981,1,-0.5994971059909115,5.184,7.64,0.14285714285714285,0.00013747594171020073,-3.97,-11.42,-2.133,-3.9699999999999998,151.466,17.0,3.0470000000000015,2.112000000000001,1.0,0.32327882020439247,22.0,270.342,7.0,0.0,82.36999999999999,22.0,37.45162754661942,87.97747993854695,5.0
1083,1,Typical,click,Falke,822.083952228382,564083.5,1350,1070,1,-0.4874406051645123,4.1,7.598,1.0,0.005917159763313609,-1.225,-7.05,6.791,5.500000000000001,140.834,17.0,0.0,0.0,0.041666666666666664,6.282913899443543,17.0,142.54299999999998,17.0,169.77300000000002,0.0,17.0,155.26518118772736,52.5185607843192,18.0
1083,1,Typical,click,Goldfisch,119.257589283336,79256.0,1118,710,1,-0.9435302225631897,2.568,7.555,1.0,0.001451378809869376,-0.4539,-8.414,6.0731,3.2859999999999996,137.4658,17.0,0.3800000000000008,0.0,0.08333333333333333,5.254619675872444,18.0,162.2903,18.0,83.28269999999999,0.3800000000000008,19.0,130.99429335067194,65.66149375924455,19.0
1083,1,Typical,click,Hai,286.174589034463,26857.5,1382,701,2,-0.42453169241986716,3.463,7.656,0.5,0.0010214504596527069,-1.455,-8.75,6.6850000000000005,1.0549999999999997,146.10299999999998,17.0,0.0,0.0,0.041666666666666664,3.5044191848582944,19.0,170.33700000000002,18.0,66.883,0.0,19.0,115.92960434836164,32.52035186190416,19.0
1083,1,Typical,click,Hund,696.723357727116,467872.5,1381,860,2,-0.4264975959431373,4.71,7.824,0.07142857142857142,0.0003957261574990107,-4.895,-9.766,1.2930000000000001,-0.8559999999999999,145.851,16.0,0.9599999999999991,0.9599999999999991,0.75,0.2733185827431956,19.0,224.609,0.0,16.677,5.531000000000001,16.0,60.38654795132443,41.35746029182099,16.0
1083,1,Typical,click,Kaninchen,919.960135264411,633537.5,1398,981,2,-0.3930772360475446,5.434,7.836,0.07142857142857142,0.0005599104143337066,-4.344,-9.39,0.8319999999999999,2.51,142.117,16.0,0.0,0.0,0.041666666666666664,0.22004211053077194,22.0,223.166,0.0,67.84799999999998,0.0,0.0,66.49600405715856,42.205436002072055,1.0
1083,1,Typical,click,Katze,25.6090753501195,1977.0,1629,780,0,0.061046477827862745,5.355,7.812,0.1111111111111111,0.0004655493482309125,-4.63,-9.59,-0.06400000000000006,2.75,149.12400000000002,17.0,0.0,0.0,1.0,0.27924582434778517,22.0,223.119,0.0,61.901999999999994,0.06400000000000006,15.0,64.76828807422034,43.08931947855524,1.0
1083,1,Typical,click,Klapperschlange,983.275927648687,532860.5,2790,2061,6,2.3434604683445204,4.68,7.582,0.14285714285714285,9.127418765972983e-05,-4.254,-12.266,1.883,-0.5960000000000001,159.38500000000002,17.0,6.5600000000000005,1.8800000000000008,0.7916666666666666,0.3341395210556347,22.0,272.101,17.0,8.696000000000002,39.196,19.0,57.67892111225579,46.71186066420429,19.0
1083,1,Typical,click,Lachs,1082.30761076003,327175.0,1806,1358,3,0.4090114014466813,3.541,7.77,1.0,0.0009478672985781991,-1.035,-8.805,10.285,1.1550000000000011,144.0922,18.0,0.0,0.0,0.041666666666666664,6.089705803380613,17.0,161.35778,17.0,101.29222,0.0,18.0,183.51630680482114,40.1096654152545,18.0
1083,1,Typical,click,Loewe,-145.496931460709,-54454.0,1518,620,1,-0.1571688132551252,5.51,7.688,0.05,0.0002795638803466592,-5.027,-10.305,0.21499999999999986,-1.2889999999999997,152.458,17.0,2.63,2.63,0.9166666666666666,0.19016061941084472,20.0,230.844,0.0,0.8309999999999995,34.827,20.0,64.0926005884869,40.3879506035535,20.0
1083,1,Typical,click,Pferd,869.45087555135,548560.5,1221,820,3,-0.7410421596663631,4.496,7.67,0.022727272727272728,0.0003792188092529389,-6.055,-9.88,-0.12099999999999955,-2.243000000000001,147.17399999999998,17.0,3.4650000000000007,2.479000000000001,1.0,0.11968439300255372,20.0,227.091,0.0,0.3200000000000003,35.980000000000004,4.0,48.46719800578261,39.341101111093735,20.0
1083,1,Typical,click,Spatz,-35.2395120340274,-19595.5,1029,580,1,-1.1184956361342342,4.57,7.566,1.0,0.0055248618784530384,-1.347,-7.027,8.363000000000001,2.9330000000000007,144.0912,17.0,0.0,0.0,0.041666666666666664,6.366632781654495,17.0,141.23298,17.0,117.94501999999999,0.0,17.0,126.0473080182301,32.63877843707358,18.0
1083,1,Atypical,click,Aal,26.9438996520332,5412.5,1246,790,0,-0.6918945715846091,4.24,7.477,1.0,0.0019011406844106464,-1.614,-8.125,5.753,3.359,144.142,17.0,0.0,0.0,0.041666666666666664,5.350612693200015,18.0,165.81730000000002,18.0,117.51970000000001,0.0,19.0,143.91418385457848,60.76871534313391,19.0
1083,1,Atypical,click,Fledermaus,1158.65413711424,82476.5,2518,1981,2,1.8087347100150364,4.906,7.652,0.0018656716417910447,0.00028538812785388126,-8.734,-10.266,-5.031000000000001,-2.3259999999999996,165.516,16.0,0.0,0.0,1.0,0.013391970707803893,20.0,246.002,0.0,0.0,71.10400000000001,4.0,33.0876255149752,94.95394459707009,11.0
1083,1,Atypical,click,Pinguin,989.773624468701,297596.5,2621,740,4,2.011222772911863,3.906,7.797,1.0,0.00510204081632653,-1.1875,-7.18,1.3624999999999998,1.5999999999999996,145.61399999999998,17.0,0.0,0.0,0.041666666666666664,5.679021674422119,18.0,146.9875,17.0,33.1655,0.0,17.0,55.065940584902386,33.47984880766462,18.0
1083,1,Atypical,click,Schmetterling,766.245547388695,494756.0,1614,980,3,0.031557924978810326,4.43,7.85,0.3333333333333333,0.002136752136752137,-2.312,-7.945,1.411,-0.47500000000000053,158.62099999999998,17.0,4.65,2.465,0.75,5.691326469022061,17.0,179.6365,16.0,10.327499999999999,28.194,4.0,82.81711961061038,45.56419321270815,20.0
1083,1,Atypical,click,Seeloewe,1037.23054745475,471284.5,1781,1100,1,0.3598638133649273,4.348,7.875,0.05263157894736842,0.0005339028296849973,-5.105,-9.414,-2.9530000000000003,-0.4339999999999993,149.56099999999998,17.0,3.7669999999999995,3.7669999999999995,1.0,0.17601902325040447,20.0,221.144,0.0,0.0,42.194,21.0,46.43150387400727,85.84442051756527,20.0
1084,1,Typical,click,Alligator,33.1772354959709,17999.0,4654,1381,1,3.0909255631043404,4.45,7.72,1.0,0.0001318217769575534,-1.651,-11.46,3.199,-1.7800000000000011,145.1859,16.0,5.68,2.790000000000001,0.7916666666666666,2.046305650511986,22.0,255.92399999999998,4.0,14.643,48.59700000000001,18.0,75.12180909347863,53.99820243997104,18.0
1084,1,Typical,click,Chamaeleon,54.8525373069661,43429.0,2502,1710,1,0.4306488791586005,5.184,7.64,0.14285714285714285,0.00013747594171020073,-3.97,-11.42,-2.133,-3.9699999999999998,151.466,17.0,3.0470000000000015,2.112000000000001,1.0,0.32327882020439247,22.0,270.342,7.0,0.0,82.36999999999999,22.0,37.45162754661942,87.97747993854695,5.0
1084,1,Typical,click,Falke,-24.2344808367529,-9851.0,1909,1181,0,-0.3024106345866708,4.1,7.598,1.0,0.005917159763313609,-1.225,-7.05,6.791,5.500000000000001,140.834,17.0,0.0,0.0,0.041666666666666664,6.282913899443543,17.0,142.54299999999998,17.0,169.77300000000002,0.0,17.0,155.26518118772736,52.5185607843192,18.0
1084,1,Typical,click,Goldfisch,61.7131722161937,15310.0,2054,965,0,-0.1231633673133751,2.568,7.555,1.0,0.001451378809869376,-0.4539,-8.414,6.0731,3.2859999999999996,137.4658,17.0,0.3800000000000008,0.0,0.08333333333333333,5.254619675872444,18.0,162.2903,18.0,83.28269999999999,0.3800000000000008,19.0,130.99429335067194,65.66149375924455,19.0
1084,1,Typical,click,Hai,945.738221825229,178481.0,3373,2020,2,1.5073686708485352,3.463,7.656,0.5,0.0010214504596527069,-1.455,-8.75,6.6850000000000005,1.0549999999999997,146.10299999999998,17.0,0.0,0.0,0.041666666666666664,3.5044191848582944,19.0,170.33700000000002,18.0,66.883,0.0,19.0,115.92960434836164,32.52035186190416,19.0
1084,1,Typical,click,Hund,61.6981211782854,41463.0,1133,700,0,-1.2616925615113428,4.71,7.824,0.07142857142857142,0.0003957261574990107,-4.895,-9.766,1.2930000000000001,-0.8559999999999999,145.851,16.0,0.9599999999999991,0.9599999999999991,0.75,0.2733185827431956,19.0,224.609,0.0,16.677,5.531000000000001,16.0,60.38654795132443,41.35746029182099,16.0
1084,1,Typical,click,Kaninchen,-30.0216414710562,-20193.0,2053,1500,0,-0.12439955536353575,5.434,7.836,0.07142857142857142,0.0005599104143337066,-4.344,-9.39,0.8319999999999999,2.51,142.117,16.0,0.0,0.0,0.041666666666666664,0.22004211053077194,22.0,223.166,0.0,67.84799999999998,0.0,0.0,66.49600405715856,42.205436002072055,1.0
1084,1,Typical,click,Katze,38.5755380888518,27785.5,1741,1260,0,-0.5100902270136616,5.355,7.812,0.1111111111111111,0.0004655493482309125,-4.63,-9.59,-0.06400000000000006,2.75,149.12400000000002,17.0,0.0,0.0,1.0,0.27924582434778517,22.0,223.119,0.0,61.901999999999994,0.06400000000000006,15.0,64.76828807422034,43.08931947855524,1.0
1084,1,Typical,click,Klapperschlange,-158.774713179759,-130164.5,2405,1540,2,0.3107386382930165,4.68,7.582,0.14285714285714285,9.127418765972983e-05,-4.254,-12.266,1.883,-0.5960000000000001,159.38500000000002,17.0,6.5600000000000005,1.8800000000000008,0.7916666666666666,0.3341395210556347,22.0,272.101,17.0,8.696000000000002,39.196,19.0,57.67892111225579,46.71186066420429,19.0
1084,1,Typical,click,Lachs,51.4778278547275,34291.5,1333,1020,0,-1.014454951479211,3.541,7.77,1.0,0.0009478672985781991,-1.035,-8.805,10.285,1.1550000000000011,144.0922,18.0,0.0,0.0,0.041666666666666664,6.089705803380613,17.0,161.35778,17.0,101.29222,0.0,18.0,183.51630680482114,40.1096654152545,18.0
1084,1,Typical,click,Loewe,120.372300126587,77085.0,1701,1300,1,-0.559537749020088,5.51,7.688,0.05,0.0002795638803466592,-5.027,-10.305,0.21499999999999986,-1.2889999999999997,152.458,17.0,2.63,2.63,0.9166666666666666,0.19016061941084472,20.0,230.844,0.0,0.8309999999999995,34.827,20.0,64.0926005884869,40.3879506035535,20.0
1084,1,Typical,click,Pferd,49.756816458069,33412.0,1429,1060,0,-0.8957808986637875,4.496,7.67,0.022727272727272728,0.0003792188092529389,-6.055,-9.88,-0.12099999999999955,-2.243000000000001,147.17399999999998,17.0,3.4650000000000007,2.479000000000001,1.0,0.11968439300255372,20.0,227.091,0.0,0.3200000000000003,35.980000000000004,4.0,48.46719800578261,39.341101111093735,20.0
1084,1,Typical,click,Spatz,118.610668113984,70725.5,1253,892,2,-1.1133499954920636,4.57,7.566,1.0,0.0055248618784530384,-1.347,-7.027,8.363000000000001,2.9330000000000007,144.0912,17.0,0.0,0.0,0.041666666666666664,6.366632781654495,17.0,141.23298,17.0,117.94501999999999,0.0,17.0,126.0473080182301,32.63877843707358,18.0
1084,1,Atypical,click,Aal,-38.6326502022725,-18862.5,2605,1700,1,0.5579762483251485,4.24,7.477,1.0,0.0019011406844106464,-1.614,-8.125,5.753,3.359,144.142,17.0,0.0,0.0,0.041666666666666664,5.350612693200015,18.0,165.81730000000002,18.0,117.51970000000001,0.0,19.0,143.91418385457848,60.76871534313391,19.0
1084,1,Atypical,click,Fledermaus,209.762023082291,79610.0,2134,910,1,-0.02426832330052231,4.906,7.652,0.0018656716417910447,0.00028538812785388126,-8.734,-10.266,-5.031000000000001,-2.3259999999999996,165.516,16.0,0.0,0.0,1.0,0.013391970707803893,20.0,246.002,0.0,0.0,71.10400000000001,4.0,33.0876255149752,94.95394459707009,11.0
1084,1,Atypical,click,Pinguin,-42.4120891633921,-17610.5,2158,1390,1,0.0054001899033335275,3.906,7.797,1.0,0.00510204081632653,-1.1875,-7.18,1.3624999999999998,1.5999999999999996,145.61399999999998,17.0,0.0,0.0,0.041666666666666664,5.679021674422119,18.0,146.9875,17.0,33.1655,0.0,17.0,55.065940584902386,33.47984880766462,18.0
1084,1,Atypical,click,Schmetterling,-102.088533015813,-71575.0,1854,1310,0,-0.3704009773455071,4.43,7.85,0.3333333333333333,0.002136752136752137,-2.312,-7.945,1.411,-0.47500000000000053,158.62099999999998,17.0,4.65,2.465,0.75,5.691326469022061,17.0,179.6365,16.0,10.327499999999999,28.194,4.0,82.81711961061038,45.56419321270815,20.0
1084,1,Atypical,click,Seeloewe,-145.061159142364,-79655.0,2270,1501,1,0.14385325152132744,4.348,7.875,0.05263157894736842,0.0005339028296849973,-5.105,-9.414,-2.9530000000000003,-0.4339999999999993,149.56099999999998,17.0,3.7669999999999995,3.7669999999999995,1.0,0.17601902325040447,20.0,221.144,0.0,0.0,42.194,21.0,46.43150387400727,85.84442051756527,20.0
1084,1,Atypical,click,Wal,121.711302885475,95365.5,2358,1270,2,0.2526377999354655,4.02,7.723,0.125,0.0005310674455655868,-4.82,-9.46,-3.5730000000000004,-0.5150000000000006,146.208,17.0,3.4582999999999995,3.4582999999999995,1.0,0.30788095004842325,22.0,217.32299999999998,0.0,0.0600000000000005,42.3699,21.0,39.597979746446654,83.76453221196577,20.0
1085,1,Typical,click,Alligator,102.693046430263,51528.5,2501,1460,0,-0.3956154446091106,4.45,7.72,1.0,0.0001318217769575534,-1.651,-11.46,3.199,-1.7800000000000011,145.1859,16.0,5.68,2.790000000000001,0.7916666666666666,2.046305650511986,22.0,255.92399999999998,4.0,14.643,48.59700000000001,18.0,75.12180909347863,53.99820243997104,18.0
1085,1,Typical,click,Chamaeleon,-87.8421779322375,-36256.0,2829,2100,0,-0.32067014714113545,5.184,7.64,0.14285714285714285,0.00013747594171020073,-3.97,-11.42,-2.133,-3.9699999999999998,151.466,17.0,3.0470000000000015,2.112000000000001,1.0,0.32327882020439247,22.0,270.342,7.0,0.0,82.36999999999999,22.0,37.45162754661942,87.97747993854695,5.0
1085,1,Typical,click,Falke,-60.7695854184503,-13378.5,3524,2484,0,-0.1618683735428346,4.1,7.598,1.0,0.005917159763313609,-1.225,-7.05,6.791,5.500000000000001,140.834,17.0,0.0,0.0,0.041666666666666664,6.282913899443543,17.0,142.54299999999998,17.0,169.77300000000002,0.0,17.0,155.26518118772736,52.5185607843192,18.0
1085,1,Typical,click,Goldfisch,37.6311342554497,2681.5,3341,1820,0,-0.20368236572771092,2.568,7.555,1.0,0.001451378809869376,-0.4539,-8.414,6.0731,3.2859999999999996,137.4658,17.0,0.3800000000000008,0.0,0.08333333333333333,5.254619675872444,18.0,162.2903,18.0,83.28269999999999,0.3800000000000008,19.0,130.99429335067194,65.66149375924455,19.0
1085,1,Typical,click,Hai,-75.1723950697213,-46743.5,3133,2700,1,-0.25120865192691466,3.463,7.656,0.5,0.0010214504596527069,-1.455,-8.75,6.6850000000000005,1.0549999999999997,146.10299999999998,17.0,0.0,0.0,0.041666666666666664,3.5044191848582944,19.0,170.33700000000002,18.0,66.883,0.0,19.0,115.92960434836164,32.52035186190416,19.0
1085,1,Typical,click,Hund,28.756976228462,11574.0,1485,924,1,-0.6277630733513749,4.71,7.824,0.07142857142857142,0.0003957261574990107,-4.895,-9.766,1.2930000000000001,-0.8559999999999999,145.851,16.0,0.9599999999999991,0.9599999999999991,0.75,0.2733185827431956,19.0,224.609,0.0,16.677,5.531000000000001,16.0,60.38654795132443,41.35746029182099,16.0
1085,1,Typical,click,Kaninchen,-58.2392144304146,-39558.0,1861,1260,1,-0.5418501713758912,5.434,7.836,0.07142857142857142,0.0005599104143337066,-4.344,-9.39,0.8319999999999999,2.51,142.117,16.0,0.0,0.0,0.041666666666666664,0.22004211053077194,22.0,223.166,0.0,67.84799999999998,0.0,0.0,66.49600405715856,42.205436002072055,1.0
1085,1,Typical,click,Katze,-40.9605348699069,-8438.0,2613,1980,1,-0.37002436742492395,5.355,7.812,0.1111111111111111,0.0004655493482309125,-4.63,-9.59,-0.06400000000000006,2.75,149.12400000000002,17.0,0.0,0.0,1.0,0.27924582434778517,22.0,223.119,0.0,61.901999999999994,0.06400000000000006,15.0,64.76828807422034,43.08931947855524,1.0
1085,1,Typical,click,Klapperschlange,93.2469418368759,37986.5,7958,2917,0,0.8512640928382678,4.68,7.582,0.14285714285714285,9.127418765972983e-05,-4.254,-12.266,1.883,-0.5960000000000001,159.38500000000002,17.0,6.5600000000000005,1.8800000000000008,0.7916666666666666,0.3341395210556347,22.0,272.101,17.0,8.696000000000002,39.196,19.0,57.67892111225579,46.71186066420429,19.0
1085,1,Typical,click,Lachs,-40.5975880272306,-2131.0,2589,1205,2,-0.3755081696786782,3.541,7.77,1.0,0.0009478672985781991,-1.035,-8.805,10.285,1.1550000000000011,144.0922,18.0,0.0,0.0,0.041666666666666664,6.089705803380613,17.0,161.35778,17.0,101.29222,0.0,18.0,183.51630680482114,40.1096654152545,18.0
1085,1,Typical,click,Loewe,132.445559493356,74716.5,1525,1180,0,-0.6186234029284511,5.51,7.688,0.05,0.0002795638803466592,-5.027,-10.305,0.21499999999999986,-1.2889999999999997,152.458,17.0,2.63,2.63,0.9166666666666666,0.19016061941084472,20.0,230.844,0.0,0.8309999999999995,34.827,20.0,64.0926005884869,40.3879506035535,20.0
1085,1,Typical,click,Pferd,748.902997588462,464512.5,2126,1685,1,-0.4812998548240211,4.496,7.67,0.022727272727272728,0.0003792188092529389,-6.055,-9.88,-0.12099999999999955,-2.243000000000001,147.17399999999998,17.0,3.4650000000000007,2.479000000000001,1.0,0.11968439300255372,20.0,227.091,0.0,0.3200000000000003,35.980000000000004,4.0,48.46719800578261,39.341101111093735,20.0
1085,1,Typical,click,Spatz,-74.6598843266658,-44988.0,1581,1060,0,-0.6058278643363578,4.57,7.566,1.0,0.0055248618784530384,-1.347,-7.027,8.363000000000001,2.9330000000000007,144.0912,17.0,0.0,0.0,0.041666666666666664,6.366632781654495,17.0,141.23298,17.0,117.94501999999999,0.0,17.0,126.0473080182301,32.63877843707358,18.0
1085,1,Atypical,click,Aal,101.875315429209,79937.5,1809,1273,0,-0.5537317429256922,4.24,7.477,1.0,0.0019011406844106464,-1.614,-8.125,5.753,3.359,144.142,17.0,0.0,0.0,0.041666666666666664,5.350612693200015,18.0,165.81730000000002,18.0,117.51970000000001,0.0,19.0,143.91418385457848,60.76871534313391,19.0
1085,1,Atypical,click,Fledermaus,-88.3398664268104,-56552.0,3221,1860,1,-0.2311013769964823,4.906,7.652,0.0018656716417910447,0.00028538812785388126,-8.734,-10.266,-5.031000000000001,-2.3259999999999996,165.516,16.0,0.0,0.0,1.0,0.013391970707803893,20.0,246.002,0.0,0.0,71.10400000000001,4.0,33.0876255149752,94.95394459707009,11.0
1085,1,Atypical,click,Pinguin,143.231465920046,104861.0,4174,2869,1,-0.01334872917032296,3.906,7.797,1.0,0.00510204081632653,-1.1875,-7.18,1.3624999999999998,1.5999999999999996,145.61399999999998,17.0,0.0,0.0,0.041666666666666664,5.679021674422119,18.0,146.9875,17.0,33.1655,0.0,17.0,55.065940584902386,33.47984880766462,18.0
1085,1,Atypical,click,Schmetterling,-66.9028770281284,-27752.0,3717,2805,0,-0.11776946375222729,4.43,7.85,0.3333333333333333,0.002136752136752137,-2.312,-7.945,1.411,-0.47500000000000053,158.62099999999998,17.0,4.65,2.465,0.75,5.691326469022061,17.0,179.6365,16.0,10.327499999999999,28.194,4.0,82.81711961061038,45.56419321270815,20.0
1085,1,Atypical,click,Seeloewe,-83.466039688499,-21306.5,19559,8342,1,3.5019970072467403,4.348,7.875,0.05263157894736842,0.0005339028296849973,-5.105,-9.414,-2.9530000000000003,-0.4339999999999993,149.56099999999998,17.0,3.7669999999999995,3.7669999999999995,1.0,0.17601902325040447,20.0,221.144,0.0,0.0,42.194,21.0,46.43150387400727,85.84442051756527,20.0
1085,1,Atypical,click,Wal,943.478855367617,393217.5,10870,8790,2,1.5166320996271199,4.02,7.723,0.125,0.0005310674455655868,-4.82,-9.46,-3.5730000000000004,-0.5150000000000006,146.208,17.0,3.4582999999999995,3.4582999999999995,1.0,0.30788095004842325,22.0,217.32299999999998,0.0,0.0600000000000005,42.3699,21.0,39.597979746446654,83.76453221196577,20.0
1086,0,Typical,touch,Falke,-28.8908830911017,949.0,530,460,0,-0.5576729546262956,4.1,7.598,1.0,0.005917159763313609,-1.225,-7.05,6.791,5.500000000000001,140.834,17.0,0.0,0.0,0.041666666666666664,6.282913899443543,17.0,142.54299999999998,17.0,169.77300000000002,0.0,17.0,155.26518118772736,52.5185607843192,18.0
1086,0,Typical,touch,Hai,210.857509990899,123071.0,931,901,0,-0.3975119895956594,3.463,7.656,0.5,0.0010214504596527069,-1.455,-8.75,6.6850000000000005,1.0549999999999997,146.10299999999998,17.0,0.0,0.0,0.041666666666666664,3.5044191848582944,19.0,170.33700000000002,18.0,66.883,0.0,19.0,115.92960434836164,32.52035186190416,19.0
1086,0,Typical,touch,Hund,172.057531889591,121596.0,820,700,1,-0.44184582280862855,4.71,7.824,0.07142857142857142,0.0003957261574990107,-4.895,-9.766,1.2930000000000001,-0.8559999999999999,145.851,16.0,0.9599999999999991,0.9599999999999991,0.75,0.2733185827431956,19.0,224.609,0.0,16.677,5.531000000000001,16.0,60.38654795132443,41.35746029182099,16.0
1086,0,Typical,touch,Kaninchen,16.4908724208861,4566.0,580,540,0,-0.5377027594853185,5.434,7.836,0.07142857142857142,0.0005599104143337066,-4.344,-9.39,0.8319999999999999,2.51,142.117,16.0,0.0,0.0,0.041666666666666664,0.22004211053077194,22.0,223.166,0.0,67.84799999999998,0.0,0.0,66.49600405715856,42.205436002072055,1.0
1086,0,Typical,touch,Loewe,83.2367615674053,53380.0,601,541,0,-0.5293152775261081,5.51,7.688,0.05,0.0002795638803466592,-5.027,-10.305,0.21499999999999986,-1.2889999999999997,152.458,17.0,2.63,2.63,0.9166666666666666,0.19016061941084472,20.0,230.844,0.0,0.8309999999999995,34.827,20.0,64.0926005884869,40.3879506035535,20.0
1086,0,Typical,touch,Pferd,42.6535464901454,28128.5,1110,1060,0,-0.32601869099096153,4.496,7.67,0.022727272727272728,0.0003792188092529389,-6.055,-9.88,-0.12099999999999955,-2.243000000000001,147.17399999999998,17.0,3.4650000000000007,2.479000000000001,1.0,0.11968439300255372,20.0,227.091,0.0,0.3200000000000003,35.980000000000004,4.0,48.46719800578261,39.341101111093735,20.0
1086,0,Atypical,touch,Fledermaus,159.170670157387,99372.5,6018,5958,4,1.634255664047348,4.906,7.652,0.0018656716417910447,0.00028538812785388126,-8.734,-10.266,-5.031000000000001,-2.3259999999999996,165.516,16.0,0.0,0.0,1.0,0.013391970707803893,20.0,246.002,0.0,0.0,71.10400000000001,4.0,33.0876255149752,94.95394459707009,11.0
1086,0,Atypical,touch,Wal,31.5694075354325,9142.5,1007,660,0,-0.3671572929813743,4.02,7.723,0.125,0.0005310674455655868,-4.82,-9.46,-3.5730000000000004,-0.5150000000000006,146.208,17.0,3.4582999999999995,3.4582999999999995,1.0,0.30788095004842325,22.0,217.32299999999998,0.0,0.0600000000000005,42.3699,21.0,39.597979746446654,83.76453221196577,20.0
1086,1,Typical,touch,Alligator,68.7645840237494,36492.0,4971,4621,2,1.216079777795288,4.45,7.72,1.0,0.0001318217769575534,-1.651,-11.46,3.199,-1.7800000000000011,145.1859,16.0,5.68,2.790000000000001,0.7916666666666666,2.046305650511986,22.0,255.92399999999998,4.0,14.643,48.59700000000001,18.0,75.12180909347863,53.99820243997104,18.0
1086,1,Typical,touch,Chamaeleon,67.2389090304498,42283.0,1431,1381,0,-0.19781003818588871,5.184,7.64,0.14285714285714285,0.00013747594171020073,-3.97,-11.42,-2.133,-3.9699999999999998,151.466,17.0,3.0470000000000015,2.112000000000001,1.0,0.32327882020439247,22.0,270.342,7.0,0.0,82.36999999999999,22.0,37.45162754661942,87.97747993854695,5.0
1086,1,Typical,touch,Goldfisch,106.584150672226,77206.0,958,605,3,-0.3867280842195318,2.568,7.555,1.0,0.001451378809869376,-0.4539,-8.414,6.0731,3.2859999999999996,137.4658,17.0,0.3800000000000008,0.0,0.08333333333333333,5.254619675872444,18.0,162.2903,18.0,83.28269999999999,0.3800000000000008,19.0,130.99429335067194,65.66149375924455,19.0
1086,1,Typical,touch,Katze,57.6066747310155,37269.0,10310,10260,0,3.34849721494882,5.355,7.812,0.1111111111111111,0.0004655493482309125,-4.63,-9.59,-0.06400000000000006,2.75,149.12400000000002,17.0,0.0,0.0,1.0,0.27924582434778517,22.0,223.119,0.0,61.901999999999994,0.06400000000000006,15.0,64.76828807422034,43.08931947855524,1.0
1086,1,Typical,touch,Klapperschlange,38.7624773778516,25858.0,510,500,0,-0.5656610326826864,4.68,7.582,0.14285714285714285,9.127418765972983e-05,-4.254,-12.266,1.883,-0.5960000000000001,159.38500000000002,17.0,6.5600000000000005,1.8800000000000008,0.7916666666666666,0.3341395210556347,22.0,272.101,17.0,8.696000000000002,39.196,19.0,57.67892111225579,46.71186066420429,19.0
1086,1,Typical,touch,Lachs,67.1214388887364,40440.5,1430,1380,0,-0.19820944208870825,3.541,7.77,1.0,0.0009478672985781991,-1.035,-8.805,10.285,1.1550000000000011,144.0922,18.0,0.0,0.0,0.041666666666666664,6.089705803380613,17.0,161.35778,17.0,101.29222,0.0,18.0,183.51630680482114,40.1096654152545,18.0
1086,1,Typical,touch,Spatz,48.8021684866299,30280.0,1180,1140,0,-0.2980604177935936,4.57,7.566,1.0,0.0055248618784530384,-1.347,-7.027,8.363000000000001,2.9330000000000007,144.0912,17.0,0.0,0.0,0.041666666666666664,6.366632781654495,17.0,141.23298,17.0,117.94501999999999,0.0,17.0,126.0473080182301,32.63877843707358,18.0
1086,1,Atypical,touch,Aal,30.0970731259608,19542.0,750,700,0,-0.46980409600599643,4.24,7.477,1.0,0.0019011406844106464,-1.614,-8.125,5.753,3.359,144.142,17.0,0.0,0.0,0.041666666666666664,5.350612693200015,18.0,165.81730000000002,18.0,117.51970000000001,0.0,19.0,143.91418385457848,60.76871534313391,19.0
1086,1,Atypical,touch,Pinguin,15.0724975141583,6549.5,1098,1068,0,-0.330811537824796,3.906,7.797,1.0,0.00510204081632653,-1.1875,-7.18,1.3624999999999998,1.5999999999999996,145.61399999999998,17.0,0.0,0.0,0.041666666666666664,5.679021674422119,18.0,146.9875,17.0,33.1655,0.0,17.0,55.065940584902386,33.47984880766462,18.0
1086,1,Atypical,touch,Schmetterling,-22.5730783959477,-7432.5,934,542,1,-0.3963137778872008,4.43,7.85,0.3333333333333333,0.002136752136752137,-2.312,-7.945,1.411,-0.47500000000000053,158.62099999999998,17.0,4.65,2.465,0.75,5.691326469022061,17.0,179.6365,16.0,10.327499999999999,28.194,4.0,82.81711961061038,45.56419321270815,20.0
1086,1,Atypical,touch,Seeloewe,48.0977007708805,16127.5,1430,901,0,-0.19820944208870825,4.348,7.875,0.05263157894736842,0.0005339028296849973,-5.105,-9.414,-2.9530000000000003,-0.4339999999999993,149.56099999999998,17.0,3.7669999999999995,3.7669999999999995,1.0,0.17601902325040447,20.0,221.144,0.0,0.0,42.194,21.0,46.43150387400727,85.84442051756527,20.0
1087,0,Typical,touch,Lachs,27.3825709775402,5585.5,900,780,0,-1.5672686860217917,3.541,7.77,1.0,0.0009478672985781991,-1.035,-8.805,10.285,1.1550000000000011,144.0922,18.0,0.0,0.0,0.041666666666666664,6.089705803380613,17.0,161.35778,17.0,101.29222,0.0,18.0,183.51630680482114,40.1096654152545,18.0
1087,0,Atypical,touch,Aal,14.138985877608,5412.0,1740,1460,0,0.4437948474166871,4.24,7.477,1.0,0.0019011406844106464,-1.614,-8.125,5.753,3.359,144.142,17.0,0.0,0.0,0.041666666666666664,5.350612693200015,18.0,165.81730000000002,18.0,117.51970000000001,0.0,19.0,143.91418385457848,60.76871534313391,19.0
1087,1,Typical,touch,Alligator,21.4946304673689,12580.0,1720,1550,0,0.39591238233481857,4.45,7.72,1.0,0.0001318217769575534,-1.651,-11.46,3.199,-1.7800000000000011,145.1859,16.0,5.68,2.790000000000001,0.7916666666666666,2.046305650511986,22.0,255.92399999999998,4.0,14.643,48.59700000000001,18.0,75.12180909347863,53.99820243997104,18.0
1087,1,Typical,touch,Chamaeleon,51.6333359224589,19102.5,1670,1580,1,0.2762062196301472,5.184,7.64,0.14285714285714285,0.00013747594171020073,-3.97,-11.42,-2.133,-3.9699999999999998,151.466,17.0,3.0470000000000015,2.112000000000001,1.0,0.32327882020439247,22.0,270.342,7.0,0.0,82.36999999999999,22.0,37.45162754661942,87.97747993854695,5.0
1087,1,Typical,touch,Falke,-58.8408746331077,-27216.0,2000,1790,0,1.0662668934809783,4.1,7.598,1.0,0.005917159763313609,-1.225,-7.05,6.791,5.500000000000001,140.834,17.0,0.0,0.0,0.041666666666666664,6.282913899443543,17.0,142.54299999999998,17.0,169.77300000000002,0.0,17.0,155.26518118772736,52.5185607843192,18.0
1087,1,Typical,touch,Goldfisch,22.3044092654614,128.5,1170,940,0,-0.9208554074165665,2.568,7.555,1.0,0.001451378809869376,-0.4539,-8.414,6.0731,3.2859999999999996,137.4658,17.0,0.3800000000000008,0.0,0.08333333333333333,5.254619675872444,18.0,162.2903,18.0,83.28269999999999,0.3800000000000008,19.0,130.99429335067194,65.66149375924455,19.0
1087,1,Typical,touch,Hai,44.6550889233942,14255.5,1660,1470,0,0.2522649870892129,3.463,7.656,0.5,0.0010214504596527069,-1.455,-8.75,6.6850000000000005,1.0549999999999997,146.10299999999998,17.0,0.0,0.0,0.041666666666666664,3.5044191848582944,19.0,170.33700000000002,18.0,66.883,0.0,19.0,115.92960434836164,32.52035186190416,19.0
1087,1,Typical,touch,Hund,18.3629912574959,706.0,1230,1060,0,-0.7772080121709608,4.71,7.824,0.07142857142857142,0.0003957261574990107,-4.895,-9.766,1.2930000000000001,-0.8559999999999999,145.851,16.0,0.9599999999999991,0.9599999999999991,0.75,0.2733185827431956,19.0,224.609,0.0,16.677,5.531000000000001,16.0,60.38654795132443,41.35746029182099,16.0
1087,1,Typical,touch,Kaninchen,805.990287507979,323367.0,1850,1780,2,0.7071484053669641,5.434,7.836,0.07142857142857142,0.0005599104143337066,-4.344,-9.39,0.8319999999999999,2.51,142.117,16.0,0.0,0.0,0.041666666666666664,0.22004211053077194,22.0,223.166,0.0,67.84799999999998,0.0,0.0,66.49600405715856,42.205436002072055,1.0
1087,1,Typical,touch,Katze,-15.9184038076744,-523.5,950,740,0,-1.4475625233171203,5.355,7.812,0.1111111111111111,0.0004655493482309125,-4.63,-9.59,-0.06400000000000006,2.75,149.12400000000002,17.0,0.0,0.0,1.0,0.27924582434778517,22.0,223.119,0.0,61.901999999999994,0.06400000000000006,15.0,64.76828807422034,43.08931947855524,1.0
1087,1,Typical,touch,Klapperschlange,-39.6935531771093,-18767.0,1460,1020,0,-0.2265596637294725,4.68,7.582,0.14285714285714285,9.127418765972983e-05,-4.254,-12.266,1.883,-0.5960000000000001,159.38500000000002,17.0,6.5600000000000005,1.8800000000000008,0.7916666666666666,0.3341395210556347,22.0,272.101,17.0,8.696000000000002,39.196,19.0,57.67892111225579,46.71186066420429,19.0
1087,1,Typical,touch,Loewe,-41.4089588326605,-15092.5,880,700,0,-1.6151511511036603,5.51,7.688,0.05,0.0002795638803466592,-5.027,-10.305,0.21499999999999986,-1.2889999999999997,152.458,17.0,2.63,2.63,0.9166666666666666,0.19016061941084472,20.0,230.844,0.0,0.8309999999999995,34.827,20.0,64.0926005884869,40.3879506035535,20.0
1087,1,Typical,touch,Pferd,-31.6573328628764,-1359.0,1290,1180,0,-0.6335606169253551,4.496,7.67,0.022727272727272728,0.0003792188092529389,-6.055,-9.88,-0.12099999999999955,-2.243000000000001,147.17399999999998,17.0,3.4650000000000007,2.479000000000001,1.0,0.11968439300255372,20.0,227.091,0.0,0.3200000000000003,35.980000000000004,4.0,48.46719800578261,39.341101111093735,20.0
1087,1,Typical,touch,Spatz,23.1956271833613,5750.0,1630,1500,0,0.1804412894664101,4.57,7.566,1.0,0.0055248618784530384,-1.347,-7.027,8.363000000000001,2.9330000000000007,144.0912,17.0,0.0,0.0,0.041666666666666664,6.366632781654495,17.0,141.23298,17.0,117.94501999999999,0.0,17.0,126.0473080182301,32.63877843707358,18.0
1087,1,Atypical,touch,Fledermaus,-80.4340731748807,-37492.5,2320,2070,0,1.8323863347908749,4.906,7.652,0.0018656716417910447,0.00028538812785388126,-8.734,-10.266,-5.031000000000001,-2.3259999999999996,165.516,16.0,0.0,0.0,1.0,0.013391970707803893,20.0,246.002,0.0,0.0,71.10400000000001,4.0,33.0876255149752,94.95394459707009,11.0
1087,1,Atypical,touch,Pinguin,14.8400357742076,7837.0,1796,1676,0,0.5778657496459191,3.906,7.797,1.0,0.00510204081632653,-1.1875,-7.18,1.3624999999999998,1.5999999999999996,145.61399999999998,17.0,0.0,0.0,0.041666666666666664,5.679021674422119,18.0,146.9875,17.0,33.1655,0.0,17.0,55.065940584902386,33.47984880766462,18.0
1087,1,Atypical,touch,Schmetterling,13.6574135905161,7610.5,1232,1142,0,-0.7724197656627739,4.43,7.85,0.3333333333333333,0.002136752136752137,-2.312,-7.945,1.411,-0.47500000000000053,158.62099999999998,17.0,4.65,2.465,0.75,5.691326469022061,17.0,179.6365,16.0,10.327499999999999,28.194,4.0,82.81711961061038,45.56419321270815,20.0
1087,1,Atypical,touch,Seeloewe,-32.2516939277511,-9306.0,2028,1678,0,1.133302344595594,4.348,7.875,0.05263157894736842,0.0005339028296849973,-5.105,-9.414,-2.9530000000000003,-0.4339999999999993,149.56099999999998,17.0,3.7669999999999995,3.7669999999999995,1.0,0.17601902325040447,20.0,221.144,0.0,0.0,42.194,21.0,46.43150387400727,85.84442051756527,20.0
1087,1,Atypical,touch,Wal,-62.0701074346213,-20788.5,2012,1652,0,1.0949963725300993,4.02,7.723,0.125,0.0005310674455655868,-4.82,-9.46,-3.5730000000000004,-0.5150000000000006,146.208,17.0,3.4582999999999995,3.4582999999999995,1.0,0.30788095004842325,22.0,217.32299999999998,0.0,0.0600000000000005,42.3699,21.0,39.597979746446654,83.76453221196577,20.0
1088,0,Atypical,click,Schmetterling,-39.7703864530722,-25387.5,1031,631,0,-0.484967749869293,4.43,7.85,0.3333333333333333,0.002136752136752137,-2.312,-7.945,1.411,-0.47500000000000053,158.62099999999998,17.0,4.65,2.465,0.75,5.691326469022061,17.0,179.6365,16.0,10.327499999999999,28.194,4.0,82.81711961061038,45.56419321270815,20.0
1088,1,Typical,click,Alligator,-96.6128851536034,-59442.5,1270,781,1,-0.40436462593413236,4.45,7.72,1.0,0.0001318217769575534,-1.651,-11.46,3.199,-1.7800000000000011,145.1859,16.0,5.68,2.790000000000001,0.7916666666666666,2.046305650511986,22.0,255.92399999999998,4.0,14.643,48.59700000000001,18.0,75.12180909347863,53.99820243997104,18.0
1088,1,Typical,click,Chamaeleon,-53.8589239970044,-19423.5,1429,1020,0,-0.3507416271655526,5.184,7.64,0.14285714285714285,0.00013747594171020073,-3.97,-11.42,-2.133,-3.9699999999999998,151.466,17.0,3.0470000000000015,2.112000000000001,1.0,0.32327882020439247,22.0,270.342,7.0,0.0,82.36999999999999,22.0,37.45162754661942,87.97747993854695,5.0
1088,1,Typical,click,Falke,-80.8872963534231,-48928.5,1309,620,0,-0.3912118149154241,4.1,7.598,1.0,0.005917159763313609,-1.225,-7.05,6.791,5.500000000000001,140.834,17.0,0.0,0.0,0.041666666666666664,6.282913899443543,17.0,142.54299999999998,17.0,169.77300000000002,0.0,17.0,155.26518118772736,52.5185607843192,18.0
1088,1,Typical,click,Goldfisch,48.61751711366,-7376.0,1405,820,0,-0.35883566471552697,2.568,7.555,1.0,0.001451378809869376,-0.4539,-8.414,6.0731,3.2859999999999996,137.4658,17.0,0.3800000000000008,0.0,0.08333333333333333,5.254619675872444,18.0,162.2903,18.0,83.28269999999999,0.3800000000000008,19.0,130.99429335067194,65.66149375924455,19.0
1088,1,Typical,click,Hai,1152.64043410575,482148.5,13694,10774,5,3.785648812435893,3.463,7.656,0.5,0.0010214504596527069,-1.455,-8.75,6.6850000000000005,1.0549999999999997,146.10299999999998,17.0,0.0,0.0,0.041666666666666664,3.5044191848582944,19.0,170.33700000000002,18.0,66.883,0.0,19.0,115.92960434836164,32.52035186190416,19.0
1088,1,Typical,click,Hund,-81.7214926873606,-50624.5,1054,670,0,-0.47721096388390094,4.71,7.824,0.07142857142857142,0.0003957261574990107,-4.895,-9.766,1.2930000000000001,-0.8559999999999999,145.851,16.0,0.9599999999999991,0.9599999999999991,0.75,0.2733185827431956,19.0,224.609,0.0,16.677,5.531000000000001,16.0,60.38654795132443,41.35746029182099,16.0
1088,1,Typical,click,Kaninchen,-175.94666960135,-117855.0,1509,1100,0,-0.3237615019989717,5.434,7.836,0.07142857142857142,0.0005599104143337066,-4.344,-9.39,0.8319999999999999,2.51,142.117,16.0,0.0,0.0,0.041666666666666664,0.22004211053077194,22.0,223.166,0.0,67.84799999999998,0.0,0.0,66.49600405715856,42.205436002072055,1.0
1088,1,Typical,click,Katze,936.08154190728,485579.5,1302,990,1,-0.39357257586749994,5.355,7.812,0.1111111111111111,0.0004655493482309125,-4.63,-9.59,-0.06400000000000006,2.75,149.12400000000002,17.0,0.0,0.0,1.0,0.27924582434778517,22.0,223.119,0.0,61.901999999999994,0.06400000000000006,15.0,64.76828807422034,43.08931947855524,1.0
1088,1,Typical,click,Klapperschlange,605.918541101659,308705.5,5805,4380,1,1.1250712194464265,4.68,7.582,0.14285714285714285,9.127418765972983e-05,-4.254,-12.266,1.883,-0.5960000000000001,159.38500000000002,17.0,6.5600000000000005,1.8800000000000008,0.7916666666666666,0.3341395210556347,22.0,272.101,17.0,8.696000000000002,39.196,19.0,57.67892111225579,46.71186066420429,19.0
1088,1,Typical,click,Lachs,75.9366608101938,43634.5,1365,1061,0,-0.3723257272988174,3.541,7.77,1.0,0.0009478672985781991,-1.035,-8.805,10.285,1.1550000000000011,144.0922,18.0,0.0,0.0,0.041666666666666664,6.089705803380613,17.0,161.35778,17.0,101.29222,0.0,18.0,183.51630680482114,40.1096654152545,18.0
1088,1,Typical,click,Loewe,-102.972010031744,-67211.0,1389,980,0,-0.3642316897488431,5.51,7.688,0.05,0.0002795638803466592,-5.027,-10.305,0.21499999999999986,-1.2889999999999997,152.458,17.0,2.63,2.63,0.9166666666666666,0.19016061941084472,20.0,230.844,0.0,0.8309999999999995,34.827,20.0,64.0926005884869,40.3879506035535,20.0
1088,1,Typical,click,Pferd,-51.2586450810734,-28513.5,1229,780,0,-0.4181919400820051,4.496,7.67,0.022727272727272728,0.0003792188092529389,-6.055,-9.88,-0.12099999999999955,-2.243000000000001,147.17399999999998,17.0,3.4650000000000007,2.479000000000001,1.0,0.11968439300255372,20.0,227.091,0.0,0.3200000000000003,35.980000000000004,4.0,48.46719800578261,39.341101111093735,20.0
1088,1,Typical,click,Spatz,52.090164042189,37199.0,1405,1020,0,-0.35883566471552697,4.57,7.566,1.0,0.0055248618784530384,-1.347,-7.027,8.363000000000001,2.9330000000000007,144.0912,17.0,0.0,0.0,0.041666666666666664,6.366632781654495,17.0,141.23298,17.0,117.94501999999999,0.0,17.0,126.0473080182301,32.63877843707358,18.0
1088,1,Atypical,click,Aal,-122.463014859202,-76669.0,1325,780,0,-0.3858157898821079,4.24,7.477,1.0,0.0019011406844106464,-1.614,-8.125,5.753,3.359,144.142,17.0,0.0,0.0,0.041666666666666664,5.350612693200015,18.0,165.81730000000002,18.0,117.51970000000001,0.0,19.0,143.91418385457848,60.76871534313391,19.0
1088,1,Atypical,click,Fledermaus,-27.065209818706,-5975.0,2045,1469,0,-0.14299466338287917,4.906,7.652,0.0018656716417910447,0.00028538812785388126,-8.734,-10.266,-5.031000000000001,-2.3259999999999996,165.516,16.0,0.0,0.0,1.0,0.013391970707803893,20.0,246.002,0.0,0.0,71.10400000000001,4.0,33.0876255149752,94.95394459707009,11.0
1088,1,Atypical,click,Pinguin,-59.7338684094927,-40292.0,4174,3301,1,0.575013917612757,3.906,7.797,1.0,0.00510204081632653,-1.1875,-7.18,1.3624999999999998,1.5999999999999996,145.61399999999998,17.0,0.0,0.0,0.041666666666666664,5.679021674422119,18.0,146.9875,17.0,33.1655,0.0,17.0,55.065940584902386,33.47984880766462,18.0
1088,1,Atypical,click,Seeloewe,-87.0201050716394,-56156.0,2214,1550,0,-0.08599914896847685,4.348,7.875,0.05263157894736842,0.0005339028296849973,-5.105,-9.414,-2.9530000000000003,-0.4339999999999993,149.56099999999998,17.0,3.7669999999999995,3.7669999999999995,1.0,0.17601902325040447,20.0,221.144,0.0,0.0,42.194,21.0,46.43150387400727,85.84442051756527,20.0
1088,1,Atypical,click,Wal,-102.900963925458,-63740.0,1957,1293,0,-0.17267280106611824,4.02,7.723,0.125,0.0005310674455655868,-4.82,-9.46,-3.5730000000000004,-0.5150000000000006,146.208,17.0,3.4582999999999995,3.4582999999999995,1.0,0.30788095004842325,22.0,217.32299999999998,0.0,0.0600000000000005,42.3699,21.0,39.597979746446654,83.76453221196577,20.0
1089,1,Typical,touch,Alligator,-16.1421399267702,-5944.5,1111,861,0,-0.5080700812472495,4.45,7.72,1.0,0.0001318217769575534,-1.651,-11.46,3.199,-1.7800000000000011,145.1859,16.0,5.68,2.790000000000001,0.7916666666666666,2.046305650511986,22.0,255.92399999999998,4.0,14.643,48.59700000000001,18.0,75.12180909347863,53.99820243997104,18.0
1089,1,Typical,touch,Chamaeleon,-20.0271524946961,-4293.0,1370,860,0,0.11760881510353012,5.184,7.64,0.14285714285714285,0.00013747594171020073,-3.97,-11.42,-2.133,-3.9699999999999998,151.466,17.0,3.0470000000000015,2.112000000000001,1.0,0.32327882020439247,22.0,270.342,7.0,0.0,82.36999999999999,22.0,37.45162754661942,87.97747993854695,5.0
1089,1,Typical,touch,Falke,41.5908089651323,9812.0,1030,820,2,-0.7037457206465281,4.1,7.598,1.0,0.005917159763313609,-1.225,-7.05,6.791,5.500000000000001,140.834,17.0,0.0,0.0,0.041666666666666664,6.282913899443543,17.0,142.54299999999998,17.0,169.77300000000002,0.0,17.0,155.26518118772736,52.5185607843192,18.0
1089,1,Typical,touch,Goldfisch,-59.6551804394601,-30301.5,1494,1014,0,0.41716164578884546,2.568,7.555,1.0,0.001451378809869376,-0.4539,-8.414,6.0731,3.2859999999999996,137.4658,17.0,0.3800000000000008,0.0,0.08333333333333333,5.254619675872444,18.0,162.2903,18.0,83.28269999999999,0.3800000000000008,19.0,130.99429335067194,65.66149375924455,19.0
1089,1,Typical,touch,Hai,-32.2151489288478,-19417.0,1111,901,0,-0.5080700812472495,3.463,7.656,0.5,0.0010214504596527069,-1.455,-8.75,6.6850000000000005,1.0549999999999997,146.10299999999998,17.0,0.0,0.0,0.041666666666666664,3.5044191848582944,19.0,170.33700000000002,18.0,66.883,0.0,19.0,115.92960434836164,32.52035186190416,19.0
1089,1,Typical,touch,Hund,-7.67299087072914,-320.5,960,790,0,-0.8728481250656577,4.71,7.824,0.07142857142857142,0.0003957261574990107,-4.895,-9.766,1.2930000000000001,-0.8559999999999999,145.851,16.0,0.9599999999999991,0.9599999999999991,0.75,0.2733185827431956,19.0,224.609,0.0,16.677,5.531000000000001,16.0,60.38654795132443,41.35746029182099,16.0
1089,1,Typical,touch,Kaninchen,23.9058273240277,3513.0,950,740,0,-0.8970056114112477,5.434,7.836,0.07142857142857142,0.0005599104143337066,-4.344,-9.39,0.8319999999999999,2.51,142.117,16.0,0.0,0.0,0.041666666666666664,0.22004211053077194,22.0,223.166,0.0,67.84799999999998,0.0,0.0,66.49600405715856,42.205436002072055,1.0
1089,1,Typical,touch,Katze,36.7443628944307,18114.5,998,796,0,-0.7810496769524159,5.355,7.812,0.1111111111111111,0.0004655493482309125,-4.63,-9.59,-0.06400000000000006,2.75,149.12400000000002,17.0,0.0,0.0,1.0,0.27924582434778517,22.0,223.119,0.0,61.901999999999994,0.06400000000000006,15.0,64.76828807422034,43.08931947855524,1.0
1089,1,Typical,touch,Klapperschlange,24.7907167345296,17650.5,2063,1813,1,1.7917226188529134,4.68,7.582,0.14285714285714285,9.127418765972983e-05,-4.254,-12.266,1.883,-0.5960000000000001,159.38500000000002,17.0,6.5600000000000005,1.8800000000000008,0.7916666666666666,0.3341395210556347,22.0,272.101,17.0,8.696000000000002,39.196,19.0,57.67892111225579,46.71186066420429,19.0
1089,1,Typical,touch,Lachs,-13.4548242714495,-1539.0,1160,820,0,-0.38969839815385876,3.541,7.77,1.0,0.0009478672985781991,-1.035,-8.805,10.285,1.1550000000000011,144.0922,18.0,0.0,0.0,0.041666666666666664,6.089705803380613,17.0,161.35778,17.0,101.29222,0.0,18.0,183.51630680482114,40.1096654152545,18.0
1089,1,Typical,touch,Loewe,-59.5485500090917,-24525.5,1050,860,0,-0.6554307479553482,5.51,7.688,0.05,0.0002795638803466592,-5.027,-10.305,0.21499999999999986,-1.2889999999999997,152.458,17.0,2.63,2.63,0.9166666666666666,0.19016061941084472,20.0,230.844,0.0,0.8309999999999995,34.827,20.0,64.0926005884869,40.3879506035535,20.0
1089,1,Typical,touch,Pferd,-23.896489620097,-9021.5,990,860,0,-0.8003756660288879,4.496,7.67,0.022727272727272728,0.0003792188092529389,-6.055,-9.88,-0.12099999999999955,-2.243000000000001,147.17399999999998,17.0,3.4650000000000007,2.479000000000001,1.0,0.11968439300255372,20.0,227.091,0.0,0.3200000000000003,35.980000000000004,4.0,48.46719800578261,39.341101111093735,20.0
1089,1,Typical,touch,Spatz,-34.276526324531,-20251.5,1010,820,0,-0.752060693337708,4.57,7.566,1.0,0.0055248618784530384,-1.347,-7.027,8.363000000000001,2.9330000000000007,144.0912,17.0,0.0,0.0,0.041666666666666664,6.366632781654495,17.0,141.23298,17.0,117.94501999999999,0.0,17.0,126.0473080182301,32.63877843707358,18.0
1089,1,Atypical,touch,Aal,-52.1821704740873,-30263.5,2127,1780,0,1.946330531464689,4.24,7.477,1.0,0.0019011406844106464,-1.614,-8.125,5.753,3.359,144.142,17.0,0.0,0.0,0.041666666666666664,5.350612693200015,18.0,165.81730000000002,18.0,117.51970000000001,0.0,19.0,143.91418385457848,60.76871534313391,19.0
1089,1,Atypical,touch,Fledermaus,-59.5340851048293,-17790.0,1570,1380,0,0.6007585420153291,4.906,7.652,0.0018656716417910447,0.00028538812785388126,-8.734,-10.266,-5.031000000000001,-2.3259999999999996,165.516,16.0,0.0,0.0,1.0,0.013391970707803893,20.0,246.002,0.0,0.0,71.10400000000001,4.0,33.0876255149752,94.95394459707009,11.0
1089,1,Atypical,touch,Pinguin,711.923154097055,333569.5,2150,2020,1,2.001892750059546,3.906,7.797,1.0,0.00510204081632653,-1.1875,-7.18,1.3624999999999998,1.5999999999999996,145.61399999999998,17.0,0.0,0.0,0.041666666666666664,5.679021674422119,18.0,146.9875,17.0,33.1655,0.0,17.0,55.065940584902386,33.47984880766462,18.0
1089,1,Atypical,touch,Schmetterling,18.6763019207166,4543.0,1110,980,0,-0.5104858298818085,4.43,7.85,0.3333333333333333,0.002136752136752137,-2.312,-7.945,1.411,-0.47500000000000053,158.62099999999998,17.0,4.65,2.465,0.75,5.691326469022061,17.0,179.6365,16.0,10.327499999999999,28.194,4.0,82.81711961061038,45.56419321270815,20.0
1089,1,Atypical,touch,Seeloewe,399.387665712929,199293.5,1730,1620,1,0.9872783235447682,4.348,7.875,0.05263157894736842,0.0005339028296849973,-5.105,-9.414,-2.9530000000000003,-0.4339999999999993,149.56099999999998,17.0,3.7669999999999995,3.7669999999999995,1.0,0.17601902325040447,20.0,221.144,0.0,0.0,42.194,21.0,46.43150387400727,85.84442051756527,20.0
1089,1,Atypical,touch,Wal,30.6352992544778,5093.0,1121,981,0,-0.48391259490165955,4.02,7.723,0.125,0.0005310674455655868,-4.82,-9.46,-3.5730000000000004,-0.5150000000000006,146.208,17.0,3.4582999999999995,3.4582999999999995,1.0,0.30788095004842325,22.0,217.32299999999998,0.0,0.0600000000000005,42.3699,21.0,39.597979746446654,83.76453221196577,20.0
1090,0,Atypical,touch,Wal,17.4148348759456,5493.0,841,701,0,-0.4035992447877631,4.02,7.723,0.125,0.0005310674455655868,-4.82,-9.46,-3.5730000000000004,-0.5150000000000006,146.208,17.0,3.4582999999999995,3.4582999999999995,1.0,0.30788095004842325,22.0,217.32299999999998,0.0,0.0600000000000005,42.3699,21.0,39.597979746446654,83.76453221196577,20.0
1090,1,Typical,touch,Alligator,42.9945303605953,9819.5,740,660,0,-0.545945679404142,4.45,7.72,1.0,0.0001318217769575534,-1.651,-11.46,3.199,-1.7800000000000011,145.1859,16.0,5.68,2.790000000000001,0.7916666666666666,2.046305650511986,22.0,255.92399999999998,4.0,14.643,48.59700000000001,18.0,75.12180909347863,53.99820243997104,18.0
1090,1,Typical,touch,Chamaeleon,-32.2449433737544,-9842.5,1351,1221,0,0.3151797814929616,5.184,7.64,0.14285714285714285,0.00013747594171020073,-3.97,-11.42,-2.133,-3.9699999999999998,151.466,17.0,3.0470000000000015,2.112000000000001,1.0,0.32327882020439247,22.0,270.342,7.0,0.0,82.36999999999999,22.0,37.45162754661942,87.97747993854695,5.0
1090,1,Typical,touch,Falke,50.8730480009886,33220.5,860,780,2,-0.3768212026322067,4.1,7.598,1.0,0.005917159763313609,-1.225,-7.05,6.791,5.500000000000001,140.834,17.0,0.0,0.0,0.041666666666666664,6.282913899443543,17.0,142.54299999999998,17.0,169.77300000000002,0.0,17.0,155.26518118772736,52.5185607843192,18.0
1090,1,Typical,touch,Goldfisch,26.5366358313088,14829.5,810,700,0,-0.447289734620513,2.568,7.555,1.0,0.001451378809869376,-0.4539,-8.414,6.0731,3.2859999999999996,137.4658,17.0,0.3800000000000008,0.0,0.08333333333333333,5.254619675872444,18.0,162.2903,18.0,83.28269999999999,0.3800000000000008,19.0,130.99429335067194,65.66149375924455,19.0
1090,1,Typical,touch,Hai,22.732540783973,1288.0,780,700,0,-0.48957085381349685,3.463,7.656,0.5,0.0010214504596527069,-1.455,-8.75,6.6850000000000005,1.0549999999999997,146.10299999999998,17.0,0.0,0.0,0.041666666666666664,3.5044191848582944,19.0,170.33700000000002,18.0,66.883,0.0,19.0,115.92960434836164,32.52035186190416,19.0
1090,1,Typical,touch,Hund,41.1325746840315,24856.0,920,670,0,-0.2922589642462391,4.71,7.824,0.07142857142857142,0.0003957261574990107,-4.895,-9.766,1.2930000000000001,-0.8559999999999999,145.851,16.0,0.9599999999999991,0.9599999999999991,0.75,0.2733185827431956,19.0,224.609,0.0,16.677,5.531000000000001,16.0,60.38654795132443,41.35746029182099,16.0
1090,1,Typical,touch,Kaninchen,30.0227738810877,-8689.0,831,701,1,-0.4176929511854244,5.434,7.836,0.07142857142857142,0.0005599104143337066,-4.344,-9.39,0.8319999999999999,2.51,142.117,16.0,0.0,0.0,0.041666666666666664,0.22004211053077194,22.0,223.166,0.0,67.84799999999998,0.0,0.0,66.49600405715856,42.205436002072055,1.0
1090,1,Typical,touch,Katze,13.5015680080336,4778.5,740,660,0,-0.545945679404142,5.355,7.812,0.1111111111111111,0.0004655493482309125,-4.63,-9.59,-0.06400000000000006,2.75,149.12400000000002,17.0,0.0,0.0,1.0,0.27924582434778517,22.0,223.119,0.0,61.901999999999994,0.06400000000000006,15.0,64.76828807422034,43.08931947855524,1.0
1090,1,Typical,touch,Klapperschlange,25.7467319586218,4742.5,1431,1301,0,0.42792943267425176,4.68,7.582,0.14285714285714285,9.127418765972983e-05,-4.254,-12.266,1.883,-0.5960000000000001,159.38500000000002,17.0,6.5600000000000005,1.8800000000000008,0.7916666666666666,0.3341395210556347,22.0,272.101,17.0,8.696000000000002,39.196,19.0,57.67892111225579,46.71186066420429,19.0
1090,1,Typical,touch,Lachs,-61.0844911594291,-44842.0,820,780,0,-0.43319602822285175,3.541,7.77,1.0,0.0009478672985781991,-1.035,-8.805,10.285,1.1550000000000011,144.0922,18.0,0.0,0.0,0.041666666666666664,6.089705803380613,17.0,161.35778,17.0,101.29222,0.0,18.0,183.51630680482114,40.1096654152545,18.0
1090,1,Typical,touch,Loewe,23.7880837957236,14901.5,845,740,0,-0.3979617622286986,5.51,7.688,0.05,0.0002795638803466592,-5.027,-10.305,0.21499999999999986,-1.2889999999999997,152.458,17.0,2.63,2.63,0.9166666666666666,0.19016061941084472,20.0,230.844,0.0,0.8309999999999995,34.827,20.0,64.0926005884869,40.3879506035535,20.0
1090,1,Typical,touch,Pferd,41.2507996909038,28596.5,840,780,0,-0.40500861542752925,4.496,7.67,0.022727272727272728,0.0003792188092529389,-6.055,-9.88,-0.12099999999999955,-2.243000000000001,147.17399999999998,17.0,3.4650000000000007,2.479000000000001,1.0,0.11968439300255372,20.0,227.091,0.0,0.3200000000000003,35.980000000000004,4.0,48.46719800578261,39.341101111093735,20.0
1090,1,Typical,touch,Spatz,-44.5837596209791,-30117.5,881,861,0,-0.34722441919711805,4.57,7.566,1.0,0.0055248618784530384,-1.347,-7.027,8.363000000000001,2.9330000000000007,144.0912,17.0,0.0,0.0,0.041666666666666664,6.366632781654495,17.0,141.23298,17.0,117.94501999999999,0.0,17.0,126.0473080182301,32.63877843707358,18.0
1090,1,Atypical,touch,Aal,-74.7853891905149,-38490.5,780,710,0,-0.48957085381349685,4.24,7.477,1.0,0.0019011406844106464,-1.614,-8.125,5.753,3.359,144.142,17.0,0.0,0.0,0.041666666666666664,5.350612693200015,18.0,165.81730000000002,18.0,117.51970000000001,0.0,19.0,143.91418385457848,60.76871534313391,19.0
1090,1,Atypical,touch,Fledermaus,37.4654671552924,7315.0,1390,1300,1,0.37014523644384056,4.906,7.652,0.0018656716417910447,0.00028538812785388126,-8.734,-10.266,-5.031000000000001,-2.3259999999999996,165.516,16.0,0.0,0.0,1.0,0.013391970707803893,20.0,246.002,0.0,0.0,71.10400000000001,4.0,33.0876255149752,94.95394459707009,11.0
1090,1,Atypical,touch,Pinguin,-20.8751010008675,-13816.0,1790,1580,0,0.9338934923502913,3.906,7.797,1.0,0.00510204081632653,-1.1875,-7.18,1.3624999999999998,1.5999999999999996,145.61399999999998,17.0,0.0,0.0,0.041666666666666664,5.679021674422119,18.0,146.9875,17.0,33.1655,0.0,17.0,55.065940584902386,33.47984880766462,18.0
1090,1,Atypical,touch,Schmetterling,-44.3714108292841,-14504.5,970,860,1,-0.22179043225793274,4.43,7.85,0.3333333333333333,0.002136752136752137,-2.312,-7.945,1.411,-0.47500000000000053,158.62099999999998,17.0,4.65,2.465,0.75,5.691326469022061,17.0,179.6365,16.0,10.327499999999999,28.194,4.0,82.81711961061038,45.56419321270815,20.0
1090,1,Atypical,touch,Seeloewe,188.044315175768,22937.5,3800,3700,1,3.766728478280206,4.348,7.875,0.05263157894736842,0.0005339028296849973,-5.105,-9.414,-2.9530000000000003,-0.4339999999999993,149.56099999999998,17.0,3.7669999999999995,3.7669999999999995,1.0,0.17601902325040447,20.0,221.144,0.0,0.0,42.194,21.0,46.43150387400727,85.84442051756527,20.0
1091,0,Atypical,click,Fledermaus,48.3183365636767,28767.0,2757,1420,1,-0.19465669431398752,4.906,7.652,0.0018656716417910447,0.00028538812785388126,-8.734,-10.266,-5.031000000000001,-2.3259999999999996,165.516,16.0,0.0,0.0,1.0,0.013391970707803893,20.0,246.002,0.0,0.0,71.10400000000001,4.0,33.0876255149752,94.95394459707009,11.0
1091,1,Typical,click,Alligator,-45.1224662222607,-18617.5,2045,1500,0,-0.5635200870412073,4.45,7.72,1.0,0.0001318217769575534,-1.651,-11.46,3.199,-1.7800000000000011,145.1859,16.0,5.68,2.790000000000001,0.7916666666666666,2.046305650511986,22.0,255.92399999999998,4.0,14.643,48.59700000000001,18.0,75.12180909347863,53.99820243997104,18.0
1091,1,Typical,click,Chamaeleon,143.824659145537,69212.0,3629,2460,0,0.25709734846429283,5.184,7.64,0.14285714285714285,0.00013747594171020073,-3.97,-11.42,-2.133,-3.9699999999999998,151.466,17.0,3.0470000000000015,2.112000000000001,1.0,0.32327882020439247,22.0,270.342,7.0,0.0,82.36999999999999,22.0,37.45162754661942,87.97747993854695,5.0
1091,1,Typical,click,Falke,174.682416378739,108233.5,2349,1540,1,-0.4060278519441921,4.1,7.598,1.0,0.005917159763313609,-1.225,-7.05,6.791,5.500000000000001,140.834,17.0,0.0,0.0,0.041666666666666664,6.282913899443543,17.0,142.54299999999998,17.0,169.77300000000002,0.0,17.0,155.26518118772736,52.5185607843192,18.0
1091,1,Typical,click,Goldfisch,211.325217647498,133178.5,3437,2845,3,0.15762856840302011,2.568,7.555,1.0,0.001451378809869376,-0.4539,-8.414,6.0731,3.2859999999999996,137.4658,17.0,0.3800000000000008,0.0,0.08333333333333333,5.254619675872444,18.0,162.2903,18.0,83.28269999999999,0.3800000000000008,19.0,130.99429335067194,65.66149375924455,19.0
1091,1,Typical,click,Hai,867.502252729288,382441.5,9741,2717,5,3.4235201804148083,3.463,7.656,0.5,0.0010214504596527069,-1.455,-8.75,6.6850000000000005,1.0549999999999997,146.10299999999998,17.0,0.0,0.0,0.041666666666666664,3.5044191848582944,19.0,170.33700000000002,18.0,66.883,0.0,19.0,115.92960434836164,32.52035186190416,19.0
1091,1,Typical,click,Hund,451.953915739934,240213.5,1742,1150,3,-0.7204942555754034,4.71,7.824,0.07142857142857142,0.0003957261574990107,-4.895,-9.766,1.2930000000000001,-0.8559999999999999,145.851,16.0,0.9599999999999991,0.9599999999999991,0.75,0.2733185827431956,19.0,224.609,0.0,16.677,5.531000000000001,16.0,60.38654795132443,41.35746029182099,16.0
1091,1,Typical,click,Kaninchen,196.738055981062,110522.5,2733,1637,0,-0.20709029182164662,5.434,7.836,0.07142857142857142,0.0005599104143337066,-4.344,-9.39,0.8319999999999999,2.51,142.117,16.0,0.0,0.0,0.041666666666666664,0.22004211053077194,22.0,223.166,0.0,67.84799999999998,0.0,0.0,66.49600405715856,42.205436002072055,1.0
1091,1,Typical,click,Katze,-57.421800625513,-33184.5,2494,1830,2,-0.3309082003354184,5.355,7.812,0.1111111111111111,0.0004655493482309125,-4.63,-9.59,-0.06400000000000006,2.75,149.12400000000002,17.0,0.0,0.0,1.0,0.27924582434778517,22.0,223.119,0.0,61.901999999999994,0.06400000000000006,15.0,64.76828807422034,43.08931947855524,1.0
1091,1,Typical,click,Klapperschlange,968.474063428556,343478.5,4549,3580,4,0.7337185862578914,4.68,7.582,0.14285714285714285,9.127418765972983e-05,-4.254,-12.266,1.883,-0.5960000000000001,159.38500000000002,17.0,6.5600000000000005,1.8800000000000008,0.7916666666666666,0.3341395210556347,22.0,272.101,17.0,8.696000000000002,39.196,19.0,57.67892111225579,46.71186066420429,19.0
1091,1,Typical,click,Lachs,-17.4004073497712,-4262.0,1573,900,0,-0.8080475046918361,3.541,7.77,1.0,0.0009478672985781991,-1.035,-8.805,10.285,1.1550000000000011,144.0922,18.0,0.0,0.0,0.041666666666666664,6.089705803380613,17.0,161.35778,17.0,101.29222,0.0,18.0,183.51630680482114,40.1096654152545,18.0
1091,1,Typical,click,Loewe,115.22903093933,59668.0,1509,900,0,-0.8412037647122603,5.51,7.688,0.05,0.0002795638803466592,-5.027,-10.305,0.21499999999999986,-1.2889999999999997,152.458,17.0,2.63,2.63,0.9166666666666666,0.19016061941084472,20.0,230.844,0.0,0.8309999999999995,34.827,20.0,64.0926005884869,40.3879506035535,20.0
1091,1,Typical,click,Pferd,167.545124822956,115065.0,3197,2780,0,0.033292593326429185,4.496,7.67,0.022727272727272728,0.0003792188092529389,-6.055,-9.88,-0.12099999999999955,-2.243000000000001,147.17399999999998,17.0,3.4650000000000007,2.479000000000001,1.0,0.11968439300255372,20.0,227.091,0.0,0.3200000000000003,35.980000000000004,4.0,48.46719800578261,39.341101111093735,20.0
1091,1,Typical,click,Spatz,-32.2839768611855,-2501.5,1733,1300,1,-0.7251568546407755,4.57,7.566,1.0,0.0055248618784530384,-1.347,-7.027,8.363000000000001,2.9330000000000007,144.0912,17.0,0.0,0.0,0.041666666666666664,6.366632781654495,17.0,141.23298,17.0,117.94501999999999,0.0,17.0,126.0473080182301,32.63877843707358,18.0
1091,1,Atypical,click,Aal,83.6491154850682,36867.5,1989,1420,0,-0.5925318145590786,4.24,7.477,1.0,0.0019011406844106464,-1.614,-8.125,5.753,3.359,144.142,17.0,0.0,0.0,0.041666666666666664,5.350612693200015,18.0,165.81730000000002,18.0,117.51970000000001,0.0,19.0,143.91418385457848,60.76871534313391,19.0
1091,1,Atypical,click,Pinguin,-83.8991797661268,-48004.5,3237,2700,2,0.05401525583919434,3.906,7.797,1.0,0.00510204081632653,-1.1875,-7.18,1.3624999999999998,1.5999999999999996,145.61399999999998,17.0,0.0,0.0,0.041666666666666664,5.679021674422119,18.0,146.9875,17.0,33.1655,0.0,17.0,55.065940584902386,33.47984880766462,18.0
1091,1,Atypical,click,Schmetterling,309.55633085479,195879.5,2165,1180,1,-0.5013520995029118,4.43,7.85,0.3333333333333333,0.002136752136752137,-2.312,-7.945,1.411,-0.47500000000000053,158.62099999999998,17.0,4.65,2.465,0.75,5.691326469022061,17.0,179.6365,16.0,10.327499999999999,28.194,4.0,82.81711961061038,45.56419321270815,20.0
1091,1,Atypical,click,Seeloewe,887.289941177563,45326.5,5821,1300,3,1.3926992541638235,4.348,7.875,0.05263157894736842,0.0005339028296849973,-5.105,-9.414,-2.9530000000000003,-0.4339999999999993,149.56099999999998,17.0,3.7669999999999995,3.7669999999999995,1.0,0.17601902325040447,20.0,221.144,0.0,0.0,42.194,21.0,46.43150387400727,85.84442051756527,20.0
1091,1,Atypical,click,Wal,-34.709260364398,2670.5,2822,2220,3,-0.16098236773074415,4.02,7.723,0.125,0.0005310674455655868,-4.82,-9.46,-3.5730000000000004,-0.5150000000000006,146.208,17.0,3.4582999999999995,3.4582999999999995,1.0,0.30788095004842325,22.0,217.32299999999998,0.0,0.0600000000000005,42.3699,21.0,39.597979746446654,83.76453221196577,20.0
1092,1,Typical,touch,Alligator,-42.1526654224346,-9403.0,845,725,1,-0.9250572766148731,4.45,7.72,1.0,0.0001318217769575534,-1.651,-11.46,3.199,-1.7800000000000011,145.1859,16.0,5.68,2.790000000000001,0.7916666666666666,2.046305650511986,22.0,255.92399999999998,4.0,14.643,48.59700000000001,18.0,75.12180909347863,53.99820243997104,18.0
1092,1,Typical,touch,Chamaeleon,51.6157470714296,27129.5,1710,1300,1,1.1553089441247881,5.184,7.64,0.14285714285714285,0.00013747594171020073,-3.97,-11.42,-2.133,-3.9699999999999998,151.466,17.0,3.0470000000000015,2.112000000000001,1.0,0.32327882020439247,22.0,270.342,7.0,0.0,82.36999999999999,22.0,37.45162754661942,87.97747993854695,5.0
1092,1,Typical,touch,Falke,58.8308969146226,33842.0,981,661,1,-0.5979707956662097,4.1,7.598,1.0,0.005917159763313609,-1.225,-7.05,6.791,5.500000000000001,140.834,17.0,0.0,0.0,0.041666666666666664,6.282913899443543,17.0,142.54299999999998,17.0,169.77300000000002,0.0,17.0,155.26518118772736,52.5185607843192,18.0
1092,1,Typical,touch,Goldfisch,-55.0757072607824,-35096.0,930,780,0,-0.7206282260219585,2.568,7.555,1.0,0.001451378809869376,-0.4539,-8.414,6.0731,3.2859999999999996,137.4658,17.0,0.3800000000000008,0.0,0.08333333333333333,5.254619675872444,18.0,162.2903,18.0,83.28269999999999,0.3800000000000008,19.0,130.99429335067194,65.66149375924455,19.0
1092,1,Typical,touch,Hai,-61.8098258579703,-31113.0,800,660,0,-1.0332844210464163,3.463,7.656,0.5,0.0010214504596527069,-1.455,-8.75,6.6850000000000005,1.0549999999999997,146.10299999999998,17.0,0.0,0.0,0.041666666666666664,3.5044191848582944,19.0,170.33700000000002,18.0,66.883,0.0,19.0,115.92960434836164,32.52035186190416,19.0
1092,1,Typical,touch,Hund,57.7665946919006,36266.5,870,780,1,-0.864931085264016,4.71,7.824,0.07142857142857142,0.0003957261574990107,-4.895,-9.766,1.2930000000000001,-0.8559999999999999,145.851,16.0,0.9599999999999991,0.9599999999999991,0.75,0.2733185827431956,19.0,224.609,0.0,16.677,5.531000000000001,16.0,60.38654795132443,41.35746029182099,16.0
1092,1,Typical,touch,Kaninchen,47.3982324677657,16243.5,1097,787,1,-0.318985267798232,5.434,7.836,0.07142857142857142,0.0005599104143337066,-4.344,-9.39,0.8319999999999999,2.51,142.117,16.0,0.0,0.0,0.041666666666666664,0.22004211053077194,22.0,223.166,0.0,67.84799999999998,0.0,0.0,66.49600405715856,42.205436002072055,1.0
1092,1,Typical,touch,Katze,28.1386107794976,15816.0,926,686,1,-0.7302484166380957,5.355,7.812,0.1111111111111111,0.0004655493482309125,-4.63,-9.59,-0.06400000000000006,2.75,149.12400000000002,17.0,0.0,0.0,1.0,0.27924582434778517,22.0,223.119,0.0,61.901999999999994,0.06400000000000006,15.0,64.76828807422034,43.08931947855524,1.0
1092,1,Typical,touch,Klapperschlange,59.1924227642825,32289.5,1260,1180,1,0.07303749980935736,4.68,7.582,0.14285714285714285,9.127418765972983e-05,-4.254,-12.266,1.883,-0.5960000000000001,159.38500000000002,17.0,6.5600000000000005,1.8800000000000008,0.7916666666666666,0.3341395210556347,22.0,272.101,17.0,8.696000000000002,39.196,19.0,57.67892111225579,46.71186066420429,19.0
1092,1,Typical,touch,Lachs,-51.6958382838361,-20785.5,870,780,0,-0.864931085264016,3.541,7.77,1.0,0.0009478672985781991,-1.035,-8.805,10.285,1.1550000000000011,144.0922,18.0,0.0,0.0,0.041666666666666664,6.089705803380613,17.0,161.35778,17.0,101.29222,0.0,18.0,183.51630680482114,40.1096654152545,18.0
1092,1,Typical,touch,Loewe,69.3505097549644,42092.5,960,620,1,-0.6484767964009298,5.51,7.688,0.05,0.0002795638803466592,-5.027,-10.305,0.21499999999999986,-1.2889999999999997,152.458,17.0,2.63,2.63,0.9166666666666666,0.19016061941084472,20.0,230.844,0.0,0.8309999999999995,34.827,20.0,64.0926005884869,40.3879506035535,20.0
1092,1,Typical,touch,Pferd,-114.798691542066,-75572.5,2040,1390,0,1.948974669956104,4.496,7.67,0.022727272727272728,0.0003792188092529389,-6.055,-9.88,-0.12099999999999955,-2.243000000000001,147.17399999999998,17.0,3.4650000000000007,2.479000000000001,1.0,0.11968439300255372,20.0,227.091,0.0,0.3200000000000003,35.980000000000004,4.0,48.46719800578261,39.341101111093735,20.0
1092,1,Typical,touch,Spatz,-40.0391605326552,-22501.5,1102,1092,0,-0.3069600295280605,4.57,7.566,1.0,0.0055248618784530384,-1.347,-7.027,8.363000000000001,2.9330000000000007,144.0912,17.0,0.0,0.0,0.041666666666666664,6.366632781654495,17.0,141.23298,17.0,117.94501999999999,0.0,17.0,126.0473080182301,32.63877843707358,18.0
1092,1,Atypical,touch,Aal,30.596168598761,3110.5,1060,940,1,-0.40797203099750073,4.24,7.477,1.0,0.0019011406844106464,-1.614,-8.125,5.753,3.359,144.142,17.0,0.0,0.0,0.041666666666666664,5.350612693200015,18.0,165.81730000000002,18.0,117.51970000000001,0.0,19.0,143.91418385457848,60.76871534313391,19.0
1092,1,Atypical,touch,Fledermaus,76.2120698644888,33107.0,1730,1380,1,1.2034098972054739,4.906,7.652,0.0018656716417910447,0.00028538812785388126,-8.734,-10.266,-5.031000000000001,-2.3259999999999996,165.516,16.0,0.0,0.0,1.0,0.013391970707803893,20.0,246.002,0.0,0.0,71.10400000000001,4.0,33.0876255149752,94.95394459707009,11.0
1092,1,Atypical,touch,Pinguin,36.4078378651812,21259.5,1440,1310,0,0.5059460775355297,3.906,7.797,1.0,0.00510204081632653,-1.1875,-7.18,1.3624999999999998,1.5999999999999996,145.61399999999998,17.0,0.0,0.0,0.041666666666666664,5.679021674422119,18.0,146.9875,17.0,33.1655,0.0,17.0,55.065940584902386,33.47984880766462,18.0
1092,1,Atypical,touch,Schmetterling,-30.1766535460696,-8462.0,1200,1070,0,-0.07126535943270006,4.43,7.85,0.3333333333333333,0.002136752136752137,-2.312,-7.945,1.411,-0.47500000000000053,158.62099999999998,17.0,4.65,2.465,0.75,5.691326469022061,17.0,179.6365,16.0,10.327499999999999,28.194,4.0,82.81711961061038,45.56419321270815,20.0
1092,1,Atypical,touch,Seeloewe,-29.3665347206081,-10330.0,1340,1220,2,0.2654413121321006,4.348,7.875,0.05263157894736842,0.0005339028296849973,-5.105,-9.414,-2.9530000000000003,-0.4339999999999993,149.56099999999998,17.0,3.7669999999999995,3.7669999999999995,1.0,0.17601902325040447,20.0,221.144,0.0,0.0,42.194,21.0,46.43150387400727,85.84442051756527,20.0
1092,1,Atypical,touch,Wal,-93.6494612548877,-18068.0,2202,1732,5,2.338592389909659,4.02,7.723,0.125,0.0005310674455655868,-4.82,-9.46,-3.5730000000000004,-0.5150000000000006,146.208,17.0,3.4582999999999995,3.4582999999999995,1.0,0.30788095004842325,22.0,217.32299999999998,0.0,0.0600000000000005,42.3699,21.0,39.597979746446654,83.76453221196577,20.0
1093,0,Typical,touch,Hai,156.913991944441,71483.0,4664,4604,3,2.260965332150301,3.463,7.656,0.5,0.0010214504596527069,-1.455,-8.75,6.6850000000000005,1.0549999999999997,146.10299999999998,17.0,0.0,0.0,0.041666666666666664,3.5044191848582944,19.0,170.33700000000002,18.0,66.883,0.0,19.0,115.92960434836164,32.52035186190416,19.0
1093,1,Typical,touch,Alligator,-54.8294105117987,-27347.5,870,670,0,-0.9167910470613544,4.45,7.72,1.0,0.0001318217769575534,-1.651,-11.46,3.199,-1.7800000000000011,145.1859,16.0,5.68,2.790000000000001,0.7916666666666666,2.046305650511986,22.0,255.92399999999998,4.0,14.643,48.59700000000001,18.0,75.12180909347863,53.99820243997104,18.0
1093,1,Typical,touch,Chamaeleon,-55.1785912648696,-23846.5,1790,1340,0,-0.14622281593991981,5.184,7.64,0.14285714285714285,0.00013747594171020073,-3.97,-11.42,-2.133,-3.9699999999999998,151.466,17.0,3.0470000000000015,2.112000000000001,1.0,0.32327882020439247,22.0,270.342,7.0,0.0,82.36999999999999,22.0,37.45162754661942,87.97747993854695,5.0
1093,1,Typical,touch,Falke,-36.7871979406684,-16452.5,1321,981,1,-0.539045098978999,4.1,7.598,1.0,0.005917159763313609,-1.225,-7.05,6.791,5.500000000000001,140.834,17.0,0.0,0.0,0.041666666666666664,6.282913899443543,17.0,142.54299999999998,17.0,169.77300000000002,0.0,17.0,155.26518118772736,52.5185607843192,18.0
1093,1,Typical,touch,Goldfisch,803.953423547956,358564.5,2382,2212,1,0.3496210893034381,2.568,7.555,1.0,0.001451378809869376,-0.4539,-8.414,6.0731,3.2859999999999996,137.4658,17.0,0.3800000000000008,0.0,0.08333333333333333,5.254619675872444,18.0,162.2903,18.0,83.28269999999999,0.3800000000000008,19.0,130.99429335067194,65.66149375924455,19.0
1093,1,Typical,touch,Hund,16.7276627894448,6080.0,1360,940,0,-0.5063797065727642,4.71,7.824,0.07142857142857142,0.0003957261574990107,-4.895,-9.766,1.2930000000000001,-0.8559999999999999,145.851,16.0,0.9599999999999991,0.9599999999999991,0.75,0.2733185827431956,19.0,224.609,0.0,16.677,5.531000000000001,16.0,60.38654795132443,41.35746029182099,16.0
1093,1,Typical,touch,Kaninchen,-70.2120805270415,-18430.5,1048,790,0,-0.767702845822642,5.434,7.836,0.07142857142857142,0.0005599104143337066,-4.344,-9.39,0.8319999999999999,2.51,142.117,16.0,0.0,0.0,0.041666666666666664,0.22004211053077194,22.0,223.166,0.0,67.84799999999998,0.0,0.0,66.49600405715856,42.205436002072055,1.0
1093,1,Typical,touch,Katze,70.7438282629703,33386.5,2182,1812,1,0.18210625645095233,5.355,7.812,0.1111111111111111,0.0004655493482309125,-4.63,-9.59,-0.06400000000000006,2.75,149.12400000000002,17.0,0.0,0.0,1.0,0.27924582434778517,22.0,223.119,0.0,61.901999999999994,0.06400000000000006,15.0,64.76828807422034,43.08931947855524,1.0
1093,1,Typical,touch,Klapperschlange,-50.2774979028404,-28834.5,5270,4500,0,2.768535275693333,4.68,7.582,0.14285714285714285,9.127418765972983e-05,-4.254,-12.266,1.883,-0.5960000000000001,159.38500000000002,17.0,6.5600000000000005,1.8800000000000008,0.7916666666666666,0.3341395210556347,22.0,272.101,17.0,8.696000000000002,39.196,19.0,57.67892111225579,46.71186066420429,19.0
1093,1,Typical,touch,Lachs,337.775317728043,193279.5,1631,1461,2,-0.279397108057646,3.541,7.77,1.0,0.0009478672985781991,-1.035,-8.805,10.285,1.1550000000000011,144.0922,18.0,0.0,0.0,0.041666666666666664,6.089705803380613,17.0,161.35778,17.0,101.29222,0.0,18.0,183.51630680482114,40.1096654152545,18.0
1093,1,Typical,touch,Loewe,-26.1198421342005,-10609.0,1100,830,1,-0.7241489892809957,5.51,7.688,0.05,0.0002795638803466592,-5.027,-10.305,0.21499999999999986,-1.2889999999999997,152.458,17.0,2.63,2.63,0.9166666666666666,0.19016061941084472,20.0,230.844,0.0,0.8309999999999995,34.827,20.0,64.0926005884869,40.3879506035535,20.0
1093,1,Typical,touch,Pferd,548.338039113796,315973.5,1520,1270,1,-0.37236784029077563,4.496,7.67,0.022727272727272728,0.0003792188092529389,-6.055,-9.88,-0.12099999999999955,-2.243000000000001,147.17399999999998,17.0,3.4650000000000007,2.479000000000001,1.0,0.11968439300255372,20.0,227.091,0.0,0.3200000000000003,35.980000000000004,4.0,48.46719800578261,39.341101111093735,20.0
1093,1,Typical,touch,Spatz,-45.175323891044,-24861.0,1165,1005,1,-0.6697066686039379,4.57,7.566,1.0,0.0055248618784530384,-1.347,-7.027,8.363000000000001,2.9330000000000007,144.0912,17.0,0.0,0.0,0.041666666666666664,6.366632781654495,17.0,141.23298,17.0,117.94501999999999,0.0,17.0,126.0473080182301,32.63877843707358,18.0
1093,1,Atypical,touch,Aal,113.690242227045,47637.0,1250,1110,1,-0.5985128646416314,4.24,7.477,1.0,0.0019011406844106464,-1.614,-8.125,5.753,3.359,144.142,17.0,0.0,0.0,0.041666666666666664,5.350612693200015,18.0,165.81730000000002,18.0,117.51970000000001,0.0,19.0,143.91418385457848,60.76871534313391,19.0
1093,1,Atypical,touch,Fledermaus,50.7686593179212,21053.5,2563,2453,1,0.5012220130349377,4.906,7.652,0.0018656716417910447,0.00028538812785388126,-8.734,-10.266,-5.031000000000001,-2.3259999999999996,165.516,16.0,0.0,0.0,1.0,0.013391970707803893,20.0,246.002,0.0,0.0,71.10400000000001,4.0,33.0876255149752,94.95394459707009,11.0
1093,1,Atypical,touch,Pinguin,-39.7909016431442,-24120.5,1270,1020,0,-0.5817613813563829,3.906,7.797,1.0,0.00510204081632653,-1.1875,-7.18,1.3624999999999998,1.5999999999999996,145.61399999999998,17.0,0.0,0.0,0.041666666666666664,5.679021674422119,18.0,146.9875,17.0,33.1655,0.0,17.0,55.065940584902386,33.47984880766462,18.0
1093,1,Atypical,touch,Schmetterling,-29.4234045089735,-8203.0,1641,1181,2,-0.2710213664150217,4.43,7.85,0.3333333333333333,0.002136752136752137,-2.312,-7.945,1.411,-0.47500000000000053,158.62099999999998,17.0,4.65,2.465,0.75,5.691326469022061,17.0,179.6365,16.0,10.327499999999999,28.194,4.0,82.81711961061038,45.56419321270815,20.0
1093,1,Atypical,touch,Seeloewe,663.631657065752,311818.0,2910,2740,1,0.7918602480340006,4.348,7.875,0.05263157894736842,0.0005339028296849973,-5.105,-9.414,-2.9530000000000003,-0.4339999999999993,149.56099999999998,17.0,3.7669999999999995,3.7669999999999995,1.0,0.17601902325040447,20.0,221.144,0.0,0.0,42.194,21.0,46.43150387400727,85.84442051756527,20.0
1093,1,Atypical,touch,Wal,74.3238044216993,41142.5,1390,1380,1,-0.4812524816448914,4.02,7.723,0.125,0.0005310674455655868,-4.82,-9.46,-3.5730000000000004,-0.5150000000000006,146.208,17.0,3.4582999999999995,3.4582999999999995,1.0,0.30788095004842325,22.0,217.32299999999998,0.0,0.0600000000000005,42.3699,21.0,39.597979746446654,83.76453221196577,20.0
1094,0,Typical,touch,Katze,25.7573353780093,15880.5,1690,1590,1,-0.6029514962655913,5.355,7.812,0.1111111111111111,0.0004655493482309125,-4.63,-9.59,-0.06400000000000006,2.75,149.12400000000002,17.0,0.0,0.0,1.0,0.27924582434778517,22.0,223.119,0.0,61.901999999999994,0.06400000000000006,15.0,64.76828807422034,43.08931947855524,1.0
1094,0,Typical,touch,Klapperschlange,51.3983124906858,33763.5,3150,3110,0,0.17117950930728212,4.68,7.582,0.14285714285714285,9.127418765972983e-05,-4.254,-12.266,1.883,-0.5960000000000001,159.38500000000002,17.0,6.5600000000000005,1.8800000000000008,0.7916666666666666,0.3341395210556347,22.0,272.101,17.0,8.696000000000002,39.196,19.0,57.67892111225579,46.71186066420429,19.0
1094,0,Atypical,touch,Seeloewe,114.646373742167,64543.0,5910,5500,1,1.6346052458697005,4.348,7.875,0.05263157894736842,0.0005339028296849973,-5.105,-9.414,-2.9530000000000003,-0.4339999999999993,149.56099999999998,17.0,3.7669999999999995,3.7669999999999995,1.0,0.17601902325040447,20.0,221.144,0.0,0.0,42.194,21.0,46.43150387400727,85.84442051756527,20.0
1094,0,Atypical,touch,Wal,-56.2945122194656,-11909.0,1750,1500,1,-0.5711378932968431,4.02,7.723,0.125,0.0005310674455655868,-4.82,-9.46,-3.5730000000000004,-0.5150000000000006,146.208,17.0,3.4582999999999995,3.4582999999999995,1.0,0.30788095004842325,22.0,217.32299999999998,0.0,0.0600000000000005,42.3699,21.0,39.597979746446654,83.76453221196577,20.0
1094,1,Typical,touch,Alligator,-20.9824229939001,-13414.5,1070,910,0,-0.9316920602759896,4.45,7.72,1.0,0.0001318217769575534,-1.651,-11.46,3.199,-1.7800000000000011,145.1859,16.0,5.68,2.790000000000001,0.7916666666666666,2.046305650511986,22.0,255.92399999999998,4.0,14.643,48.59700000000001,18.0,75.12180909347863,53.99820243997104,18.0
1094,1,Typical,touch,Chamaeleon,-36.4089770232322,-15351.0,3350,2790,0,0.27722485253644286,5.184,7.64,0.14285714285714285,0.00013747594171020073,-3.97,-11.42,-2.133,-3.9699999999999998,151.466,17.0,3.0470000000000015,2.112000000000001,1.0,0.32327882020439247,22.0,270.342,7.0,0.0,82.36999999999999,22.0,37.45162754661942,87.97747993854695,5.0
1094,1,Typical,touch,Falke,138.250162667172,55280.0,7530,7190,5,2.4935725260259027,4.1,7.598,1.0,0.005917159763313609,-1.225,-7.05,6.791,5.500000000000001,140.834,17.0,0.0,0.0,0.041666666666666664,6.282913899443543,17.0,142.54299999999998,17.0,169.77300000000002,0.0,17.0,155.26518118772736,52.5185607843192,18.0
1094,1,Typical,touch,Goldfisch,5.42467054744812,1042.5,1030,980,0,-0.9529011289218218,2.568,7.555,1.0,0.001451378809869376,-0.4539,-8.414,6.0731,3.2859999999999996,137.4658,17.0,0.3800000000000008,0.0,0.08333333333333333,5.254619675872444,18.0,162.2903,18.0,83.28269999999999,0.3800000000000008,19.0,130.99429335067194,65.66149375924455,19.0
1094,1,Typical,touch,Hai,241.723538551175,147159.0,3272,3252,1,0.23586716867707017,3.463,7.656,0.5,0.0010214504596527069,-1.455,-8.75,6.6850000000000005,1.0549999999999997,146.10299999999998,17.0,0.0,0.0,0.041666666666666664,3.5044191848582944,19.0,170.33700000000002,18.0,66.883,0.0,19.0,115.92960434836164,32.52035186190416,19.0
1094,1,Typical,touch,Hund,278.687467754723,169771.5,1300,1140,0,-0.8097399155624547,4.71,7.824,0.07142857142857142,0.0003957261574990107,-4.895,-9.766,1.2930000000000001,-0.8559999999999999,145.851,16.0,0.9599999999999991,0.9599999999999991,0.75,0.2733185827431956,19.0,224.609,0.0,16.677,5.531000000000001,16.0,60.38654795132443,41.35746029182099,16.0
1094,1,Typical,touch,Kaninchen,-112.432789441273,-44024.0,2180,1860,1,-0.34314040535414747,5.434,7.836,0.07142857142857142,0.0005599104143337066,-4.344,-9.39,0.8319999999999999,2.51,142.117,16.0,0.0,0.0,0.041666666666666664,0.22004211053077194,22.0,223.166,0.0,67.84799999999998,0.0,0.0,66.49600405715856,42.205436002072055,1.0
1094,1,Typical,touch,Lachs,39.9823023147067,21429.5,2640,2380,0,-0.09923611592707778,3.541,7.77,1.0,0.0009478672985781991,-1.035,-8.805,10.285,1.1550000000000011,144.0922,18.0,0.0,0.0,0.041666666666666664,6.089705803380613,17.0,161.35778,17.0,101.29222,0.0,18.0,183.51630680482114,40.1096654152545,18.0
1094,1,Typical,touch,Loewe,138.329281110498,82486.5,1760,1700,2,-0.5658356261353851,5.51,7.688,0.05,0.0002795638803466592,-5.027,-10.305,0.21499999999999986,-1.2889999999999997,152.458,17.0,2.63,2.63,0.9166666666666666,0.19016061941084472,20.0,230.844,0.0,0.8309999999999995,34.827,20.0,64.0926005884869,40.3879506035535,20.0
1094,1,Typical,touch,Pferd,188.926886495744,131528.0,1351,1181,1,-0.7826983530390188,4.496,7.67,0.022727272727272728,0.0003792188092529389,-6.055,-9.88,-0.12099999999999955,-2.243000000000001,147.17399999999998,17.0,3.4650000000000007,2.479000000000001,1.0,0.11968439300255372,20.0,227.091,0.0,0.3200000000000003,35.980000000000004,4.0,48.46719800578261,39.341101111093735,20.0
1094,1,Typical,touch,Spatz,184.707874201448,113469.0,1620,1540,0,-0.6400673663957975,4.57,7.566,1.0,0.0055248618784530384,-1.347,-7.027,8.363000000000001,2.9330000000000007,144.0912,17.0,0.0,0.0,0.041666666666666664,6.366632781654495,17.0,141.23298,17.0,117.94501999999999,0.0,17.0,126.0473080182301,32.63877843707358,18.0
1094,1,Atypical,touch,Aal,39.6310432519364,27057.5,1712,1462,0,-0.5912865085103837,4.24,7.477,1.0,0.0019011406844106464,-1.614,-8.125,5.753,3.359,144.142,17.0,0.0,0.0,0.041666666666666664,5.350612693200015,18.0,165.81730000000002,18.0,117.51970000000001,0.0,19.0,143.91418385457848,60.76871534313391,19.0
1094,1,Atypical,touch,Fledermaus,428.786791995599,96836.5,3740,2060,4,0.4840132718333063,4.906,7.652,0.0018656716417910447,0.00028538812785388126,-8.734,-10.266,-5.031000000000001,-2.3259999999999996,165.516,16.0,0.0,0.0,1.0,0.013391970707803893,20.0,246.002,0.0,0.0,71.10400000000001,4.0,33.0876255149752,94.95394459707009,11.0
1094,1,Atypical,touch,Pinguin,-117.928245439109,-73315.0,6440,5030,0,1.9156254054269763,3.906,7.797,1.0,0.00510204081632653,-1.1875,-7.18,1.3624999999999998,1.5999999999999996,145.61399999999998,17.0,0.0,0.0,0.041666666666666664,5.679021674422119,18.0,146.9875,17.0,33.1655,0.0,17.0,55.065940584902386,33.47984880766462,18.0
1094,1,Atypical,touch,Schmetterling,-151.046472616572,-58676.5,2221,2061,1,-0.32140110999216953,4.43,7.85,0.3333333333333333,0.002136752136752137,-2.312,-7.945,1.411,-0.47500000000000053,158.62099999999998,17.0,4.65,2.465,0.75,5.691326469022061,17.0,179.6365,16.0,10.327499999999999,28.194,4.0,82.81711961061038,45.56419321270815,20.0
1095,1,Typical,click,Alligator,-59.967164326937,-41264.0,1357,925,0,0.41529983224087436,4.45,7.72,1.0,0.0001318217769575534,-1.651,-11.46,3.199,-1.7800000000000011,145.1859,16.0,5.68,2.790000000000001,0.7916666666666666,2.046305650511986,22.0,255.92399999999998,4.0,14.643,48.59700000000001,18.0,75.12180909347863,53.99820243997104,18.0
1095,1,Typical,click,Chamaeleon,508.153550777334,294227.5,1310,1030,3,0.08940989358437068,5.184,7.64,0.14285714285714285,0.00013747594171020073,-3.97,-11.42,-2.133,-3.9699999999999998,151.466,17.0,3.0470000000000015,2.112000000000001,1.0,0.32327882020439247,22.0,270.342,7.0,0.0,82.36999999999999,22.0,37.45162754661942,87.97747993854695,5.0
1095,1,Typical,click,Falke,-90.8239936453974,-36619.0,1165,740,2,-0.9159952363133533,4.1,7.598,1.0,0.005917159763313609,-1.225,-7.05,6.791,5.500000000000001,140.834,17.0,0.0,0.0,0.041666666666666664,6.282913899443543,17.0,142.54299999999998,17.0,169.77300000000002,0.0,17.0,155.26518118772736,52.5185607843192,18.0
1095,1,Typical,click,Goldfisch,-82.614038533605,-53786.5,1045,700,1,-1.7480546541597457,2.568,7.555,1.0,0.001451378809869376,-0.4539,-8.414,6.0731,3.2859999999999996,137.4658,17.0,0.3800000000000008,0.0,0.08333333333333333,5.254619675872444,18.0,162.2903,18.0,83.28269999999999,0.3800000000000008,19.0,130.99429335067194,65.66149375924455,19.0
1095,1,Typical,click,Hai,212.863253836332,-10064.0,1333,620,2,0.2488879486715959,3.463,7.656,0.5,0.0010214504596527069,-1.455,-8.75,6.6850000000000005,1.0549999999999997,146.10299999999998,17.0,0.0,0.0,0.041666666666666664,3.5044191848582944,19.0,170.33700000000002,18.0,66.883,0.0,19.0,115.92960434836164,32.52035186190416,19.0
1095,1,Typical,click,Hund,676.341177093527,404636.5,1350,860,2,0.36676303286650147,4.71,7.824,0.07142857142857142,0.0003957261574990107,-4.895,-9.766,1.2930000000000001,-0.8559999999999999,145.851,16.0,0.9599999999999991,0.9599999999999991,0.75,0.2733185827431956,19.0,224.609,0.0,16.677,5.531000000000001,16.0,60.38654795132443,41.35746029182099,16.0
1095,1,Typical,click,Kaninchen,-63.1671313541258,-37317.0,1646,1150,0,2.4191762635542693,5.434,7.836,0.07142857142857142,0.0005599104143337066,-4.344,-9.39,0.8319999999999999,2.51,142.117,16.0,0.0,0.0,0.041666666666666664,0.22004211053077194,22.0,223.166,0.0,67.84799999999998,0.0,0.0,66.49600405715856,42.205436002072055,1.0
1095,1,Typical,click,Katze,-83.130409154669,-23424.5,1276,899,0,-0.14634027480544046,5.355,7.812,0.1111111111111111,0.0004655493482309125,-4.63,-9.59,-0.06400000000000006,2.75,149.12400000000002,17.0,0.0,0.0,1.0,0.27924582434778517,22.0,223.119,0.0,61.901999999999994,0.06400000000000006,15.0,64.76828807422034,43.08931947855524,1.0
1095,1,Typical,click,Klapperschlange,47.2612004121105,23109.5,1270,780,3,-0.18794324569776008,4.68,7.582,0.14285714285714285,9.127418765972983e-05,-4.254,-12.266,1.883,-0.5960000000000001,159.38500000000002,17.0,6.5600000000000005,1.8800000000000008,0.7916666666666666,0.3341395210556347,22.0,272.101,17.0,8.696000000000002,39.196,19.0,57.67892111225579,46.71186066420429,19.0
1095,1,Typical,click,Lachs,160.291971153916,110902.5,1237,900,1,-0.41675958560551796,3.541,7.77,1.0,0.0009478672985781991,-1.035,-8.805,10.285,1.1550000000000011,144.0922,18.0,0.0,0.0,0.041666666666666664,6.089705803380613,17.0,161.35778,17.0,101.29222,0.0,18.0,183.51630680482114,40.1096654152545,18.0
1095,1,Typical,click,Loewe,894.311346632194,353337.5,1533,1061,3,1.6356536450822496,5.51,7.688,0.05,0.0002795638803466592,-5.027,-10.305,0.21499999999999986,-1.2889999999999997,152.458,17.0,2.63,2.63,0.9166666666666666,0.19016061941084472,20.0,230.844,0.0,0.8309999999999995,34.827,20.0,64.0926005884869,40.3879506035535,20.0
1095,1,Typical,click,Pferd,61.3787907798015,34980.0,1126,717,1,-1.1864145471134309,4.496,7.67,0.022727272727272728,0.0003792188092529389,-6.055,-9.88,-0.12099999999999955,-2.243000000000001,147.17399999999998,17.0,3.4650000000000007,2.479000000000001,1.0,0.11968439300255372,20.0,227.091,0.0,0.3200000000000003,35.980000000000004,4.0,48.46719800578261,39.341101111093735,20.0
1095,1,Typical,click,Spatz,-194.34668458704,6158.5,1301,900,1,0.027005437245891266,4.57,7.566,1.0,0.0055248618784530384,-1.347,-7.027,8.363000000000001,2.9330000000000007,144.0912,17.0,0.0,0.0,0.041666666666666664,6.366632781654495,17.0,141.23298,17.0,117.94501999999999,0.0,17.0,126.0473080182301,32.63877843707358,18.0
1095,1,Atypical,click,Aal,-28.6745002124838,-11373.5,1205,780,0,-0.6386420970312225,4.24,7.477,1.0,0.0019011406844106464,-1.614,-8.125,5.753,3.359,144.142,17.0,0.0,0.0,0.041666666666666664,5.350612693200015,18.0,165.81730000000002,18.0,117.51970000000001,0.0,19.0,143.91418385457848,60.76871534313391,19.0
1095,1,Atypical,click,Fledermaus,728.837011541555,260387.0,1349,980,2,0.3598292043844482,4.906,7.652,0.0018656716417910447,0.00028538812785388126,-8.734,-10.266,-5.031000000000001,-2.3259999999999996,165.516,16.0,0.0,0.0,1.0,0.013391970707803893,20.0,246.002,0.0,0.0,71.10400000000001,4.0,33.0876255149752,94.95394459707009,11.0
1095,1,Atypical,click,Pinguin,129.292787994645,79987.5,1302,910,3,0.033939265727944534,3.906,7.797,1.0,0.00510204081632653,-1.1875,-7.18,1.3624999999999998,1.5999999999999996,145.61399999999998,17.0,0.0,0.0,0.041666666666666664,5.679021674422119,18.0,146.9875,17.0,33.1655,0.0,17.0,55.065940584902386,33.47984880766462,18.0
1095,1,Atypical,click,Schmetterling,-79.365411338072,-39050.5,1221,780,0,-0.5277008413183703,4.43,7.85,0.3333333333333333,0.002136752136752137,-2.312,-7.945,1.411,-0.47500000000000053,158.62099999999998,17.0,4.65,2.465,0.75,5.691326469022061,17.0,179.6365,16.0,10.327499999999999,28.194,4.0,82.81711961061038,45.56419321270815,20.0
1095,1,Atypical,click,Seeloewe,809.403903591001,430226.0,1478,821,1,1.2542930785693198,4.348,7.875,0.05263157894736842,0.0005339028296849973,-5.105,-9.414,-2.9530000000000003,-0.4339999999999993,149.56099999999998,17.0,3.7669999999999995,3.7669999999999995,1.0,0.17601902325040447,20.0,221.144,0.0,0.0,42.194,21.0,46.43150387400727,85.84442051756527,20.0
1095,1,Atypical,click,Wal,82.624151728372,59259.5,1141,780,1,-1.0824071198826317,4.02,7.723,0.125,0.0005310674455655868,-4.82,-9.46,-3.5730000000000004,-0.5150000000000006,146.208,17.0,3.4582999999999995,3.4582999999999995,1.0,0.30788095004842325,22.0,217.32299999999998,0.0,0.0600000000000005,42.3699,21.0,39.597979746446654,83.76453221196577,20.0
1096,0,Typical,click,Hai,40.5421637821549,14679.0,1685,1300,1,0.16986907685387245,3.463,7.656,0.5,0.0010214504596527069,-1.455,-8.75,6.6850000000000005,1.0549999999999997,146.10299999999998,17.0,0.0,0.0,0.041666666666666664,3.5044191848582944,19.0,170.33700000000002,18.0,66.883,0.0,19.0,115.92960434836164,32.52035186190416,19.0
1096,0,Typical,click,Klapperschlange,-31.2488274117337,-8560.0,1502,910,1,-0.19005461615095012,4.68,7.582,0.14285714285714285,9.127418765972983e-05,-4.254,-12.266,1.883,-0.5960000000000001,159.38500000000002,17.0,6.5600000000000005,1.8800000000000008,0.7916666666666666,0.3341395210556347,22.0,272.101,17.0,8.696000000000002,39.196,19.0,57.67892111225579,46.71186066420429,19.0
1096,0,Atypical,click,Fledermaus,-125.922489485487,-76537.5,1637,980,2,0.07546286229523046,4.906,7.652,0.0018656716417910447,0.00028538812785388126,-8.734,-10.266,-5.031000000000001,-2.3259999999999996,165.516,16.0,0.0,0.0,1.0,0.013391970707803893,20.0,246.002,0.0,0.0,71.10400000000001,4.0,33.0876255149752,94.95394459707009,11.0
1096,0,Atypical,click,Pinguin,805.977100669431,371239.5,2262,630,3,1.3047104476942146,3.906,7.797,1.0,0.00510204081632653,-1.1875,-7.18,1.3624999999999998,1.5999999999999996,145.61399999999998,17.0,0.0,0.0,0.041666666666666664,5.679021674422119,18.0,146.9875,17.0,33.1655,0.0,17.0,55.065940584902386,33.47984880766462,18.0
1096,1,Typical,click,Alligator,-65.9809620787987,-39640.5,1462,950,1,-0.2687264616164851,4.45,7.72,1.0,0.0001318217769575534,-1.651,-11.46,3.199,-1.7800000000000011,145.1859,16.0,5.68,2.790000000000001,0.7916666666666666,2.046305650511986,22.0,255.92399999999998,4.0,14.643,48.59700000000001,18.0,75.12180909347863,53.99820243997104,18.0
1096,1,Typical,click,Chamaeleon,-163.270391900728,-125552.5,1382,861,3,-0.4260701525475551,5.184,7.64,0.14285714285714285,0.00013747594171020073,-3.97,-11.42,-2.133,-3.9699999999999998,151.466,17.0,3.0470000000000015,2.112000000000001,1.0,0.32327882020439247,22.0,270.342,7.0,0.0,82.36999999999999,22.0,37.45162754661942,87.97747993854695,5.0
1096,1,Typical,click,Falke,36.6020823373526,7143.5,1413,980,0,-0.3650994723117655,4.1,7.598,1.0,0.005917159763313609,-1.225,-7.05,6.791,5.500000000000001,140.834,17.0,0.0,0.0,0.041666666666666664,6.282913899443543,17.0,142.54299999999998,17.0,169.77300000000002,0.0,17.0,155.26518118772736,52.5185607843192,18.0
1096,1,Typical,click,Goldfisch,-81.4978716771736,-53930.0,1389,940,0,-0.41230257959108646,2.568,7.555,1.0,0.001451378809869376,-0.4539,-8.414,6.0731,3.2859999999999996,137.4658,17.0,0.3800000000000008,0.0,0.08333333333333333,5.254619675872444,18.0,162.2903,18.0,83.28269999999999,0.3800000000000008,19.0,130.99429335067194,65.66149375924455,19.0
1096,1,Typical,click,Hund,38.1150509365629,16688.0,1733,1060,1,0.26427529141251443,4.71,7.824,0.07142857142857142,0.0003957261574990107,-4.895,-9.766,1.2930000000000001,-0.8559999999999999,145.851,16.0,0.9599999999999991,0.9599999999999991,0.75,0.2733185827431956,19.0,224.609,0.0,16.677,5.531000000000001,16.0,60.38654795132443,41.35746029182099,16.0
1096,1,Typical,click,Kaninchen,172.189658576418,68374.5,1125,660,2,-0.9315367596636174,5.434,7.836,0.07142857142857142,0.0005599104143337066,-4.344,-9.39,0.8319999999999999,2.51,142.117,16.0,0.0,0.0,0.041666666666666664,0.22004211053077194,22.0,223.166,0.0,67.84799999999998,0.0,0.0,66.49600405715856,42.205436002072055,1.0
1096,1,Typical,click,Katze,-75.1773685614505,-40546.0,1597,900,1,-0.003208983170304528,5.355,7.812,0.1111111111111111,0.0004655493482309125,-4.63,-9.59,-0.06400000000000006,2.75,149.12400000000002,17.0,0.0,0.0,1.0,0.27924582434778517,22.0,223.119,0.0,61.901999999999994,0.06400000000000006,15.0,64.76828807422034,43.08931947855524,1.0
1096,1,Typical,click,Lachs,71.6716446708228,28443.0,1229,796,1,-0.7269899614532264,3.541,7.77,1.0,0.0009478672985781991,-1.035,-8.805,10.285,1.1550000000000011,144.0922,18.0,0.0,0.0,0.041666666666666664,6.089705803380613,17.0,161.35778,17.0,101.29222,0.0,18.0,183.51630680482114,40.1096654152545,18.0
1096,1,Typical,click,Loewe,-77.3450756958902,-52401.5,1157,700,1,-0.8685992832911894,5.51,7.688,0.05,0.0002795638803466592,-5.027,-10.305,0.21499999999999986,-1.2889999999999997,152.458,17.0,2.63,2.63,0.9166666666666666,0.19016061941084472,20.0,230.844,0.0,0.8309999999999995,34.827,20.0,64.0926005884869,40.3879506035535,20.0
1096,1,Typical,click,Pferd,-31.8022678785207,-5684.5,1285,989,0,-0.6168493778014774,4.496,7.67,0.022727272727272728,0.0003792188092529389,-6.055,-9.88,-0.12099999999999955,-2.243000000000001,147.17399999999998,17.0,3.4650000000000007,2.479000000000001,1.0,0.11968439300255372,20.0,227.091,0.0,0.3200000000000003,35.980000000000004,4.0,48.46719800578261,39.341101111093735,20.0
1096,1,Typical,click,Spatz,-96.2181521191285,-26897.0,1326,750,1,-0.536210736199304,4.57,7.566,1.0,0.0055248618784530384,-1.347,-7.027,8.363000000000001,2.9330000000000007,144.0912,17.0,0.0,0.0,0.041666666666666664,6.366632781654495,17.0,141.23298,17.0,117.94501999999999,0.0,17.0,126.0473080182301,32.63877843707358,18.0
1096,1,Atypical,click,Aal,-84.6940181710337,-42327.5,1509,820,1,-0.1762870431944815,4.24,7.477,1.0,0.0019011406844106464,-1.614,-8.125,5.753,3.359,144.142,17.0,0.0,0.0,0.041666666666666664,5.350612693200015,18.0,165.81730000000002,18.0,117.51970000000001,0.0,19.0,143.91418385457848,60.76871534313391,19.0
1096,1,Atypical,click,Schmetterling,874.109128229499,205530.5,3413,3117,5,3.5684928009649837,4.43,7.85,0.3333333333333333,0.002136752136752137,-2.312,-7.945,1.411,-0.47500000000000053,158.62099999999998,17.0,4.65,2.465,0.75,5.691326469022061,17.0,179.6365,16.0,10.327499999999999,28.194,4.0,82.81711961061038,45.56419321270815,20.0
1096,1,Atypical,click,Seeloewe,56.3323605573077,34756.0,1663,1278,2,0.1265995618478282,4.348,7.875,0.05263157894736842,0.0005339028296849973,-5.105,-9.414,-2.9530000000000003,-0.4339999999999993,149.56099999999998,17.0,3.7669999999999995,3.7669999999999995,1.0,0.17601902325040447,20.0,221.144,0.0,0.0,42.194,21.0,46.43150387400727,85.84442051756527,20.0
1096,1,Atypical,click,Wal,45.7718568331914,-9900.0,1605,1100,3,0.012525385922802468,4.02,7.723,0.125,0.0005310674455655868,-4.82,-9.46,-3.5730000000000004,-0.5150000000000006,146.208,17.0,3.4582999999999995,3.4582999999999995,1.0,0.30788095004842325,22.0,217.32299999999998,0.0,0.0600000000000005,42.3699,21.0,39.597979746446654,83.76453221196577,20.0
1097,1,Typical,touch,Alligator,-15.6978310284345,-1974.5,1110,860,0,-0.7419972074826156,4.45,7.72,1.0,0.0001318217769575534,-1.651,-11.46,3.199,-1.7800000000000011,145.1859,16.0,5.68,2.790000000000001,0.7916666666666666,2.046305650511986,22.0,255.92399999999998,4.0,14.643,48.59700000000001,18.0,75.12180909347863,53.99820243997104,18.0
1097,1,Typical,touch,Chamaeleon,-41.720986613237,-30571.0,1350,1070,0,0.19708335486007905,5.184,7.64,0.14285714285714285,0.00013747594171020073,-3.97,-11.42,-2.133,-3.9699999999999998,151.466,17.0,3.0470000000000015,2.112000000000001,1.0,0.32327882020439247,22.0,270.342,7.0,0.0,82.36999999999999,22.0,37.45162754661942,87.97747993854695,5.0
1097,1,Typical,touch,Falke,-47.2776100817127,-28889.0,1210,820,0,-0.3507136398398261,4.1,7.598,1.0,0.005917159763313609,-1.225,-7.05,6.791,5.500000000000001,140.834,17.0,0.0,0.0,0.041666666666666664,6.282913899443543,17.0,142.54299999999998,17.0,169.77300000000002,0.0,17.0,155.26518118772736,52.5185607843192,18.0
1097,1,Typical,touch,Goldfisch,-63.6361761881384,-34955.0,1050,900,0,-0.9767673480682892,2.568,7.555,1.0,0.001451378809869376,-0.4539,-8.414,6.0731,3.2859999999999996,137.4658,17.0,0.3800000000000008,0.0,0.08333333333333333,5.254619675872444,18.0,162.2903,18.0,83.28269999999999,0.3800000000000008,19.0,130.99429335067194,65.66149375924455,19.0
1097,1,Typical,touch,Hai,-84.7268158188127,-48880.5,1060,790,0,-0.9376389913040103,3.463,7.656,0.5,0.0010214504596527069,-1.455,-8.75,6.6850000000000005,1.0549999999999997,146.10299999999998,17.0,0.0,0.0,0.041666666666666664,3.5044191848582944,19.0,170.33700000000002,18.0,66.883,0.0,19.0,115.92960434836164,32.52035186190416,19.0
1097,1,Typical,touch,Hund,-49.0798785935603,-10808.0,1310,1180,0,0.04056992780296328,4.71,7.824,0.07142857142857142,0.0003957261574990107,-4.895,-9.766,1.2930000000000001,-0.8559999999999999,145.851,16.0,0.9599999999999991,0.9599999999999991,0.75,0.2733185827431956,19.0,224.609,0.0,16.677,5.531000000000001,16.0,60.38654795132443,41.35746029182099,16.0
1097,1,Typical,touch,Kaninchen,22.4043906385147,-3014.0,971,901,0,-1.2858813665060929,5.434,7.836,0.07142857142857142,0.0005599104143337066,-4.344,-9.39,0.8319999999999999,2.51,142.117,16.0,0.0,0.0,0.041666666666666664,0.22004211053077194,22.0,223.166,0.0,67.84799999999998,0.0,0.0,66.49600405715856,42.205436002072055,1.0
1097,1,Typical,touch,Katze,-39.8634847721864,-15496.0,980,780,0,-1.2506658454182418,5.355,7.812,0.1111111111111111,0.0004655493482309125,-4.63,-9.59,-0.06400000000000006,2.75,149.12400000000002,17.0,0.0,0.0,1.0,0.27924582434778517,22.0,223.119,0.0,61.901999999999994,0.06400000000000006,15.0,64.76828807422034,43.08931947855524,1.0
1097,1,Typical,touch,Klapperschlange,13.5848681960179,-1390.5,1490,1060,0,0.7448803495599843,4.68,7.582,0.14285714285714285,9.127418765972983e-05,-4.254,-12.266,1.883,-0.5960000000000001,159.38500000000002,17.0,6.5600000000000005,1.8800000000000008,0.7916666666666666,0.3341395210556347,22.0,272.101,17.0,8.696000000000002,39.196,19.0,57.67892111225579,46.71186066420429,19.0
1097,1,Typical,touch,Lachs,-31.4101814101998,-18437.5,1640,1380,0,1.3318057010241684,3.541,7.77,1.0,0.0009478672985781991,-1.035,-8.805,10.285,1.1550000000000011,144.0922,18.0,0.0,0.0,0.041666666666666664,6.089705803380613,17.0,161.35778,17.0,101.29222,0.0,18.0,183.51630680482114,40.1096654152545,18.0
1097,1,Typical,touch,Loewe,-46.1594992247981,-26002.5,1120,900,0,-0.7028688507183366,5.51,7.688,0.05,0.0002795638803466592,-5.027,-10.305,0.21499999999999986,-1.2889999999999997,152.458,17.0,2.63,2.63,0.9166666666666666,0.19016061941084472,20.0,230.844,0.0,0.8309999999999995,34.827,20.0,64.0926005884869,40.3879506035535,20.0
1097,1,Typical,touch,Pferd,14.7056943810298,5014.5,1080,820,0,-0.8593822777754524,4.496,7.67,0.022727272727272728,0.0003792188092529389,-6.055,-9.88,-0.12099999999999955,-2.243000000000001,147.17399999999998,17.0,3.4650000000000007,2.479000000000001,1.0,0.11968439300255372,20.0,227.091,0.0,0.3200000000000003,35.980000000000004,4.0,48.46719800578261,39.341101111093735,20.0
1097,1,Typical,touch,Spatz,80.5443048977697,43455.0,1331,1271,1,0.12273947700794906,4.57,7.566,1.0,0.0055248618784530384,-1.347,-7.027,8.363000000000001,2.9330000000000007,144.0912,17.0,0.0,0.0,0.041666666666666664,6.366632781654495,17.0,141.23298,17.0,117.94501999999999,0.0,17.0,126.0473080182301,32.63877843707358,18.0
1097,1,Atypical,touch,Aal,-74.2833426651471,-46301.5,1030,900,0,-1.0550240615968471,4.24,7.477,1.0,0.0019011406844106464,-1.614,-8.125,5.753,3.359,144.142,17.0,0.0,0.0,0.041666666666666664,5.350612693200015,18.0,165.81730000000002,18.0,117.51970000000001,0.0,19.0,143.91418385457848,60.76871534313391,19.0
1097,1,Atypical,touch,Fledermaus,-31.4402188190439,-19389.0,1670,1620,0,1.4491907713170051,4.906,7.652,0.0018656716417910447,0.00028538812785388126,-8.734,-10.266,-5.031000000000001,-2.3259999999999996,165.516,16.0,0.0,0.0,1.0,0.013391970707803893,20.0,246.002,0.0,0.0,71.10400000000001,4.0,33.0876255149752,94.95394459707009,11.0
1097,1,Atypical,touch,Pinguin,159.851017190216,81315.5,1540,1460,1,0.9405221333813789,3.906,7.797,1.0,0.00510204081632653,-1.1875,-7.18,1.3624999999999998,1.5999999999999996,145.61399999999998,17.0,0.0,0.0,0.041666666666666664,5.679021674422119,18.0,146.9875,17.0,33.1655,0.0,17.0,55.065940584902386,33.47984880766462,18.0
1097,1,Atypical,touch,Schmetterling,-77.4405413722273,-45648.0,1391,1100,0,0.3575096175936227,4.43,7.85,0.3333333333333333,0.002136752136752137,-2.312,-7.945,1.411,-0.47500000000000053,158.62099999999998,17.0,4.65,2.465,0.75,5.691326469022061,17.0,179.6365,16.0,10.327499999999999,28.194,4.0,82.81711961061038,45.56419321270815,20.0
1097,1,Atypical,touch,Seeloewe,-26.1720289604719,-10843.0,1670,1500,0,1.4491907713170051,4.348,7.875,0.05263157894736842,0.0005339028296849973,-5.105,-9.414,-2.9530000000000003,-0.4339999999999993,149.56099999999998,17.0,3.7669999999999995,3.7669999999999995,1.0,0.17601902325040447,20.0,221.144,0.0,0.0,42.194,21.0,46.43150387400727,85.84442051756527,20.0
1097,1,Atypical,touch,Wal,15.4334044018124,-1092.0,1690,1580,1,1.527447484845563,4.02,7.723,0.125,0.0005310674455655868,-4.82,-9.46,-3.5730000000000004,-0.5150000000000006,146.208,17.0,3.4582999999999995,3.4582999999999995,1.0,0.30788095004842325,22.0,217.32299999999998,0.0,0.0600000000000005,42.3699,21.0,39.597979746446654,83.76453221196577,20.0
1098,0,Typical,touch,Klapperschlange,-41.5455231311626,-28834.5,1130,1060,0,-0.6092117429812202,4.68,7.582,0.14285714285714285,9.127418765972983e-05,-4.254,-12.266,1.883,-0.5960000000000001,159.38500000000002,17.0,6.5600000000000005,1.8800000000000008,0.7916666666666666,0.3341395210556347,22.0,272.101,17.0,8.696000000000002,39.196,19.0,57.67892111225579,46.71186066420429,19.0
1098,0,Atypical,touch,Seeloewe,172.615556031437,113029.0,2788,2678,1,1.374599330762257,4.348,7.875,0.05263157894736842,0.0005339028296849973,-5.105,-9.414,-2.9530000000000003,-0.4339999999999993,149.56099999999998,17.0,3.7669999999999995,3.7669999999999995,1.0,0.17601902325040447,20.0,221.144,0.0,0.0,42.194,21.0,46.43150387400727,85.84442051756527,20.0
1098,1,Typical,touch,Alligator,53.5617371982472,31925.0,1610,1500,0,-0.03488766855608804,4.45,7.72,1.0,0.0001318217769575534,-1.651,-11.46,3.199,-1.7800000000000011,145.1859,16.0,5.68,2.790000000000001,0.7916666666666666,2.046305650511986,22.0,255.92399999999998,4.0,14.643,48.59700000000001,18.0,75.12180909347863,53.99820243997104,18.0
1098,1,Typical,touch,Chamaeleon,-11.0270856472788,-2371.0,1486,1436,0,-0.18325472111591384,5.184,7.64,0.14285714285714285,0.00013747594171020073,-3.97,-11.42,-2.133,-3.9699999999999998,151.466,17.0,3.0470000000000015,2.112000000000001,1.0,0.32327882020439247,22.0,270.342,7.0,0.0,82.36999999999999,22.0,37.45162754661942,87.97747993854695,5.0
1098,1,Typical,touch,Falke,-10.7580288549783,-1747.5,910,860,0,-0.8724436104260724,4.1,7.598,1.0,0.005917159763313609,-1.225,-7.05,6.791,5.500000000000001,140.834,17.0,0.0,0.0,0.041666666666666664,6.282913899443543,17.0,142.54299999999998,17.0,169.77300000000002,0.0,17.0,155.26518118772736,52.5185607843192,18.0
1098,1,Typical,touch,Goldfisch,58.7877385795507,41584.5,1161,1101,0,-0.5721199798412637,2.568,7.555,1.0,0.001451378809869376,-0.4539,-8.414,6.0731,3.2859999999999996,137.4658,17.0,0.3800000000000008,0.0,0.08333333333333333,5.254619675872444,18.0,162.2903,18.0,83.28269999999999,0.3800000000000008,19.0,130.99429335067194,65.66149375924455,19.0
1098,1,Typical,touch,Hai,34.8025672163333,21241.5,1740,1580,1,0.12065843493405191,3.463,7.656,0.5,0.0010214504596527069,-1.455,-8.75,6.6850000000000005,1.0549999999999997,146.10299999999998,17.0,0.0,0.0,0.041666666666666664,3.5044191848582944,19.0,170.33700000000002,18.0,66.883,0.0,19.0,115.92960434836164,32.52035186190416,19.0
1098,1,Typical,touch,Hund,29.7574688660892,7973.0,1250,780,0,-0.46563072437493713,4.71,7.824,0.07142857142857142,0.0003957261574990107,-4.895,-9.766,1.2930000000000001,-0.8559999999999999,145.851,16.0,0.9599999999999991,0.9599999999999991,0.75,0.2733185827431956,19.0,224.609,0.0,16.677,5.531000000000001,16.0,60.38654795132443,41.35746029182099,16.0
1098,1,Typical,touch,Kaninchen,69.8855017135467,39226.0,1330,1260,1,-0.3699100453040818,5.434,7.836,0.07142857142857142,0.0005599104143337066,-4.344,-9.39,0.8319999999999999,2.51,142.117,16.0,0.0,0.0,0.041666666666666664,0.22004211053077194,22.0,223.166,0.0,67.84799999999998,0.0,0.0,66.49600405715856,42.205436002072055,1.0
1098,1,Typical,touch,Katze,-42.6011952494782,-34994.5,1000,670,0,-0.7647578464713601,5.355,7.812,0.1111111111111111,0.0004655493482309125,-4.63,-9.59,-0.06400000000000006,2.75,149.12400000000002,17.0,0.0,0.0,1.0,0.27924582434778517,22.0,223.119,0.0,61.901999999999994,0.06400000000000006,15.0,64.76828807422034,43.08931947855524,1.0
1098,1,Typical,touch,Lachs,-57.5088404906477,-38470.0,1330,1270,0,-0.3699100453040818,3.541,7.77,1.0,0.0009478672985781991,-1.035,-8.805,10.285,1.1550000000000011,144.0922,18.0,0.0,0.0,0.041666666666666664,6.089705803380613,17.0,161.35778,17.0,101.29222,0.0,18.0,183.51630680482114,40.1096654152545,18.0
1098,1,Typical,touch,Loewe,-45.1839981234698,-27783.5,751,661,0,-1.0626884600793973,5.51,7.688,0.05,0.0002795638803466592,-5.027,-10.305,0.21499999999999986,-1.2889999999999997,152.458,17.0,2.63,2.63,0.9166666666666666,0.19016061941084472,20.0,230.844,0.0,0.8309999999999995,34.827,20.0,64.0926005884869,40.3879506035535,20.0
1098,1,Typical,touch,Pferd,27.2062083025578,14973.0,1230,1180,0,-0.48956089414265097,4.496,7.67,0.022727272727272728,0.0003792188092529389,-6.055,-9.88,-0.12099999999999955,-2.243000000000001,147.17399999999998,17.0,3.4650000000000007,2.479000000000001,1.0,0.11968439300255372,20.0,227.091,0.0,0.3200000000000003,35.980000000000004,4.0,48.46719800578261,39.341101111093735,20.0
1098,1,Typical,touch,Spatz,61.3853077169292,38056.0,1090,990,0,-0.6570720825166478,4.57,7.566,1.0,0.0055248618784530384,-1.347,-7.027,8.363000000000001,2.9330000000000007,144.0912,17.0,0.0,0.0,0.041666666666666664,6.366632781654495,17.0,141.23298,17.0,117.94501999999999,0.0,17.0,126.0473080182301,32.63877843707358,18.0
1098,1,Atypical,touch,Aal,425.657859533227,252673.0,1487,1437,1,-0.18205821262752814,4.24,7.477,1.0,0.0019011406844106464,-1.614,-8.125,5.753,3.359,144.142,17.0,0.0,0.0,0.041666666666666664,5.350612693200015,18.0,165.81730000000002,18.0,117.51970000000001,0.0,19.0,143.91418385457848,60.76871534313391,19.0
1098,1,Atypical,touch,Fledermaus,34.4608908516261,10131.0,4310,3860,1,3.19568525008528,4.906,7.652,0.0018656716417910447,0.00028538812785388126,-8.734,-10.266,-5.031000000000001,-2.3259999999999996,165.516,16.0,0.0,0.0,1.0,0.013391970707803893,20.0,246.002,0.0,0.0,71.10400000000001,4.0,33.0876255149752,94.95394459707009,11.0
1098,1,Atypical,touch,Pinguin,24.414316098672,15569.0,1880,1740,0,0.2881696233080488,3.906,7.797,1.0,0.00510204081632653,-1.1875,-7.18,1.3624999999999998,1.5999999999999996,145.61399999999998,17.0,0.0,0.0,0.041666666666666664,5.679021674422119,18.0,146.9875,17.0,33.1655,0.0,17.0,55.065940584902386,33.47984880766462,18.0
1098,1,Atypical,touch,Schmetterling,-60.4593059089164,-35622.5,2231,2061,0,0.7081441027314267,4.43,7.85,0.3333333333333333,0.002136752136752137,-2.312,-7.945,1.411,-0.47500000000000053,158.62099999999998,17.0,4.65,2.465,0.75,5.691326469022061,17.0,179.6365,16.0,10.327499999999999,28.194,4.0,82.81711961061038,45.56419321270815,20.0
1098,1,Atypical,touch,Wal,-15.345702008824,-8383.0,2430,2340,0,0.9462492919201794,4.02,7.723,0.125,0.0005310674455655868,-4.82,-9.46,-3.5730000000000004,-0.5150000000000006,146.208,17.0,3.4582999999999995,3.4582999999999995,1.0,0.30788095004842325,22.0,217.32299999999998,0.0,0.0600000000000005,42.3699,21.0,39.597979746446654,83.76453221196577,20.0
1099,0,Typical,click,Hai,1077.59542474569,487949.0,1919,1431,2,2.413358557913139,3.463,7.656,0.5,0.0010214504596527069,-1.455,-8.75,6.6850000000000005,1.0549999999999997,146.10299999999998,17.0,0.0,0.0,0.041666666666666664,3.5044191848582944,19.0,170.33700000000002,18.0,66.883,0.0,19.0,115.92960434836164,32.52035186190416,19.0
1099,0,Typical,click,Klapperschlange,95.678272114214,57268.0,1462,540,0,0.7723881304769774,4.68,7.582,0.14285714285714285,9.127418765972983e-05,-4.254,-12.266,1.883,-0.5960000000000001,159.38500000000002,17.0,6.5600000000000005,1.8800000000000008,0.7916666666666666,0.3341395210556347,22.0,272.101,17.0,8.696000000000002,39.196,19.0,57.67892111225579,46.71186066420429,19.0
1099,0,Atypical,click,Seeloewe,1002.6109332954,549429.5,1230,941,1,-0.06066469045341542,4.348,7.875,0.05263157894736842,0.0005339028296849973,-5.105,-9.414,-2.9530000000000003,-0.4339999999999993,149.56099999999998,17.0,3.7669999999999995,3.7669999999999995,1.0,0.17601902325040447,20.0,221.144,0.0,0.0,42.194,21.0,46.43150387400727,85.84442051756527,20.0
1099,1,Typical,click,Alligator,486.449961149542,333422.0,1461,940,2,0.768797385559174,4.45,7.72,1.0,0.0001318217769575534,-1.651,-11.46,3.199,-1.7800000000000011,145.1859,16.0,5.68,2.790000000000001,0.7916666666666666,2.046305650511986,22.0,255.92399999999998,4.0,14.643,48.59700000000001,18.0,75.12180909347863,53.99820243997104,18.0
1099,1,Typical,click,Chamaeleon,1018.69835786838,538200.5,1573,780,1,1.1709608163531566,5.184,7.64,0.14285714285714285,0.00013747594171020073,-3.97,-11.42,-2.133,-3.9699999999999998,151.466,17.0,3.0470000000000015,2.112000000000001,1.0,0.32327882020439247,22.0,270.342,7.0,0.0,82.36999999999999,22.0,37.45162754661942,87.97747993854695,5.0
1099,1,Typical,click,Falke,71.6209414822104,58271.0,1045,780,1,-0.7249525002470476,4.1,7.598,1.0,0.005917159763313609,-1.225,-7.05,6.791,5.500000000000001,140.834,17.0,0.0,0.0,0.041666666666666664,6.282913899443543,17.0,142.54299999999998,17.0,169.77300000000002,0.0,17.0,155.26518118772736,52.5185607843192,18.0
1099,1,Typical,click,Goldfisch,28.4827473605012,11084.0,958,700,1,-1.037347308095945,2.568,7.555,1.0,0.001451378809869376,-0.4539,-8.414,6.0731,3.2859999999999996,137.4658,17.0,0.3800000000000008,0.0,0.08333333333333333,5.254619675872444,18.0,162.2903,18.0,83.28269999999999,0.3800000000000008,19.0,130.99429335067194,65.66149375924455,19.0
1099,1,Typical,click,Hund,25.8662595312299,8624.0,990,701,1,-0.9224434707262356,4.71,7.824,0.07142857142857142,0.0003957261574990107,-4.895,-9.766,1.2930000000000001,-0.8559999999999999,145.851,16.0,0.9599999999999991,0.9599999999999991,0.75,0.2733185827431956,19.0,224.609,0.0,16.677,5.531000000000001,16.0,60.38654795132443,41.35746029182099,16.0
1099,1,Typical,click,Kaninchen,226.384180221947,135463.0,1453,620,2,0.7400714262167466,5.434,7.836,0.07142857142857142,0.0005599104143337066,-4.344,-9.39,0.8319999999999999,2.51,142.117,16.0,0.0,0.0,0.041666666666666664,0.22004211053077194,22.0,223.166,0.0,67.84799999999998,0.0,0.0,66.49600405715856,42.205436002072055,1.0
1099,1,Typical,click,Katze,132.935977321065,98162.0,1069,500,0,-0.6387746222197656,5.355,7.812,0.1111111111111111,0.0004655493482309125,-4.63,-9.59,-0.06400000000000006,2.75,149.12400000000002,17.0,0.0,0.0,1.0,0.27924582434778517,22.0,223.119,0.0,61.901999999999994,0.06400000000000006,15.0,64.76828807422034,43.08931947855524,1.0
1099,1,Typical,click,Lachs,57.0388764908292,40801.5,789,500,0,-1.6441831992047224,3.541,7.77,1.0,0.0009478672985781991,-1.035,-8.805,10.285,1.1550000000000011,144.0922,18.0,0.0,0.0,0.041666666666666664,6.089705803380613,17.0,161.35778,17.0,101.29222,0.0,18.0,183.51630680482114,40.1096654152545,18.0
1099,1,Typical,click,Loewe,916.113718853645,527150.5,1197,900,1,-0.1791592727409282,5.51,7.688,0.05,0.0002795638803466592,-5.027,-10.305,0.21499999999999986,-1.2889999999999997,152.458,17.0,2.63,2.63,0.9166666666666666,0.19016061941084472,20.0,230.844,0.0,0.8309999999999995,34.827,20.0,64.0926005884869,40.3879506035535,20.0
1099,1,Typical,click,Pferd,65.309103728144,32780.0,998,661,0,-0.8937175113838083,4.496,7.67,0.022727272727272728,0.0003792188092529389,-6.055,-9.88,-0.12099999999999955,-2.243000000000001,147.17399999999998,17.0,3.4650000000000007,2.479000000000001,1.0,0.11968439300255372,20.0,227.091,0.0,0.3200000000000003,35.980000000000004,4.0,48.46719800578261,39.341101111093735,20.0
1099,1,Typical,click,Spatz,775.930093657333,503002.5,1261,700,1,0.05064840199849052,4.57,7.566,1.0,0.0055248618784530384,-1.347,-7.027,8.363000000000001,2.9330000000000007,144.0912,17.0,0.0,0.0,0.041666666666666664,6.366632781654495,17.0,141.23298,17.0,117.94501999999999,0.0,17.0,126.0473080182301,32.63877843707358,18.0
1099,1,Atypical,click,Aal,149.456854252369,109223.0,966,590,1,-1.0086213487535176,4.24,7.477,1.0,0.0019011406844106464,-1.614,-8.125,5.753,3.359,144.142,17.0,0.0,0.0,0.041666666666666664,5.350612693200015,18.0,165.81730000000002,18.0,117.51970000000001,0.0,19.0,143.91418385457848,60.76871534313391,19.0
1099,1,Atypical,click,Fledermaus,39.4264462195115,14975.5,1470,1070,1,0.8011140898194048,4.906,7.652,0.0018656716417910447,0.00028538812785388126,-8.734,-10.266,-5.031000000000001,-2.3259999999999996,165.516,16.0,0.0,0.0,1.0,0.013391970707803893,20.0,246.002,0.0,0.0,71.10400000000001,4.0,33.0876255149752,94.95394459707009,11.0
1099,1,Atypical,click,Pinguin,35.8007586036724,20271.5,1414,590,1,0.6000323744224134,3.906,7.797,1.0,0.00510204081632653,-1.1875,-7.18,1.3624999999999998,1.5999999999999996,145.61399999999998,17.0,0.0,0.0,0.041666666666666664,5.679021674422119,18.0,146.9875,17.0,33.1655,0.0,17.0,55.065940584902386,33.47984880766462,18.0
1099,1,Atypical,click,Schmetterling,966.790125088243,480678.0,1374,661,1,0.4564025777102767,4.43,7.85,0.3333333333333333,0.002136752136752137,-2.312,-7.945,1.411,-0.47500000000000053,158.62099999999998,17.0,4.65,2.465,0.75,5.691326469022061,17.0,179.6365,16.0,10.327499999999999,28.194,4.0,82.81711961061038,45.56419321270815,20.0
1099,1,Atypical,click,Wal,406.744554406143,302621.5,1062,621,1,-0.6639098366443895,4.02,7.723,0.125,0.0005310674455655868,-4.82,-9.46,-3.5730000000000004,-0.5150000000000006,146.208,17.0,3.4582999999999995,3.4582999999999995,1.0,0.30788095004842325,22.0,217.32299999999998,0.0,0.0600000000000005,42.3699,21.0,39.597979746446654,83.76453221196577,20.0
1100,1,Typical,touch,Alligator,-192.673007590873,-109444.5,1910,1620,0,-0.25678066837562424,4.45,7.72,1.0,0.0001318217769575534,-1.651,-11.46,3.199,-1.7800000000000011,145.1859,16.0,5.68,2.790000000000001,0.7916666666666666,2.046305650511986,22.0,255.92399999999998,4.0,14.643,48.59700000000001,18.0,75.12180909347863,53.99820243997104,18.0
1100,1,Typical,touch,Chamaeleon,-70.679598054121,-37888.0,2110,1940,1,-0.088921294588015,5.184,7.64,0.14285714285714285,0.00013747594171020073,-3.97,-11.42,-2.133,-3.9699999999999998,151.466,17.0,3.0470000000000015,2.112000000000001,1.0,0.32327882020439247,22.0,270.342,7.0,0.0,82.36999999999999,22.0,37.45162754661942,87.97747993854695,5.0
1100,1,Typical,touch,Falke,-71.1465139183723,-49575.0,2000,1580,0,-0.1812439501712001,4.1,7.598,1.0,0.005917159763313609,-1.225,-7.05,6.791,5.500000000000001,140.834,17.0,0.0,0.0,0.041666666666666664,6.282913899443543,17.0,142.54299999999998,17.0,169.77300000000002,0.0,17.0,155.26518118772736,52.5185607843192,18.0
1100,1,Typical,touch,Goldfisch,-48.2548738153345,-33979.5,1290,1150,0,-0.7771447271172129,2.568,7.555,1.0,0.001451378809869376,-0.4539,-8.414,6.0731,3.2859999999999996,137.4658,17.0,0.3800000000000008,0.0,0.08333333333333333,5.254619675872444,18.0,162.2903,18.0,83.28269999999999,0.3800000000000008,19.0,130.99429335067194,65.66149375924455,19.0
1100,1,Typical,touch,Hai,62.7674434028698,8556.5,1990,1700,0,-0.18963691886058054,3.463,7.656,0.5,0.0010214504596527069,-1.455,-8.75,6.6850000000000005,1.0549999999999997,146.10299999999998,17.0,0.0,0.0,0.041666666666666664,3.5044191848582944,19.0,170.33700000000002,18.0,66.883,0.0,19.0,115.92960434836164,32.52035186190416,19.0
1100,1,Typical,touch,Hund,-58.4810824927156,-28301.0,1500,1340,2,-0.6008923846402232,4.71,7.824,0.07142857142857142,0.0003957261574990107,-4.895,-9.766,1.2930000000000001,-0.8559999999999999,145.851,16.0,0.9599999999999991,0.9599999999999991,0.75,0.2733185827431956,19.0,224.609,0.0,16.677,5.531000000000001,16.0,60.38654795132443,41.35746029182099,16.0
1100,1,Typical,touch,Kaninchen,-68.5474451440366,-31378.5,1580,1420,0,-0.5337486351251796,5.434,7.836,0.07142857142857142,0.0005599104143337066,-4.344,-9.39,0.8319999999999999,2.51,142.117,16.0,0.0,0.0,0.041666666666666664,0.22004211053077194,22.0,223.166,0.0,67.84799999999998,0.0,0.0,66.49600405715856,42.205436002072055,1.0
1100,1,Typical,touch,Katze,81.8973155457363,48835.0,1201,1061,1,-0.851842148452699,5.355,7.812,0.1111111111111111,0.0004655493482309125,-4.63,-9.59,-0.06400000000000006,2.75,149.12400000000002,17.0,0.0,0.0,1.0,0.27924582434778517,22.0,223.119,0.0,61.901999999999994,0.06400000000000006,15.0,64.76828807422034,43.08931947855524,1.0
1100,1,Typical,touch,Klapperschlange,56.7286226895513,26177.0,3350,3100,0,0.9518068228951624,4.68,7.582,0.14285714285714285,9.127418765972983e-05,-4.254,-12.266,1.883,-0.5960000000000001,159.38500000000002,17.0,6.5600000000000005,1.8800000000000008,0.7916666666666666,0.3341395210556347,22.0,272.101,17.0,8.696000000000002,39.196,19.0,57.67892111225579,46.71186066420429,19.0
1100,1,Typical,touch,Lachs,66.334350832384,40923.5,1391,1341,1,-0.6923757433544703,3.541,7.77,1.0,0.0009478672985781991,-1.035,-8.805,10.285,1.1550000000000011,144.0922,18.0,0.0,0.0,0.041666666666666664,6.089705803380613,17.0,161.35778,17.0,101.29222,0.0,18.0,183.51630680482114,40.1096654152545,18.0
1100,1,Typical,touch,Loewe,-48.9631026729087,-22870.5,1030,980,0,-0.995361913041105,5.51,7.688,0.05,0.0002795638803466592,-5.027,-10.305,0.21499999999999986,-1.2889999999999997,152.458,17.0,2.63,2.63,0.9166666666666666,0.19016061941084472,20.0,230.844,0.0,0.8309999999999995,34.827,20.0,64.0926005884869,40.3879506035535,20.0
1100,1,Typical,touch,Pferd,55.5394801145279,23422.0,1670,1220,1,-0.45821191692075536,4.496,7.67,0.022727272727272728,0.0003792188092529389,-6.055,-9.88,-0.12099999999999955,-2.243000000000001,147.17399999999998,17.0,3.4650000000000007,2.479000000000001,1.0,0.11968439300255372,20.0,227.091,0.0,0.3200000000000003,35.980000000000004,4.0,48.46719800578261,39.341101111093735,20.0
1100,1,Typical,touch,Spatz,36.5191975089069,4472.5,2120,1310,0,-0.08052832589863453,4.57,7.566,1.0,0.0055248618784530384,-1.347,-7.027,8.363000000000001,2.9330000000000007,144.0912,17.0,0.0,0.0,0.041666666666666664,6.366632781654495,17.0,141.23298,17.0,117.94501999999999,0.0,17.0,126.0473080182301,32.63877843707358,18.0
1100,1,Atypical,touch,Aal,76.4466857477579,44361.5,1472,1412,0,-0.6243926969704885,4.24,7.477,1.0,0.0019011406844106464,-1.614,-8.125,5.753,3.359,144.142,17.0,0.0,0.0,0.041666666666666664,5.350612693200015,18.0,165.81730000000002,18.0,117.51970000000001,0.0,19.0,143.91418385457848,60.76871534313391,19.0
1100,1,Atypical,touch,Fledermaus,-94.1726371719177,-46429.5,3281,3141,0,0.8938953389384372,4.906,7.652,0.0018656716417910447,0.00028538812785388126,-8.734,-10.266,-5.031000000000001,-2.3259999999999996,165.516,16.0,0.0,0.0,1.0,0.013391970707803893,20.0,246.002,0.0,0.0,71.10400000000001,4.0,33.0876255149752,94.95394459707009,11.0
1100,1,Atypical,touch,Pinguin,-91.2925142243427,-76962.0,2780,2580,0,0.473407607600476,3.906,7.797,1.0,0.00510204081632653,-1.1875,-7.18,1.3624999999999998,1.5999999999999996,145.61399999999998,17.0,0.0,0.0,0.041666666666666664,5.679021674422119,18.0,146.9875,17.0,33.1655,0.0,17.0,55.065940584902386,33.47984880766462,18.0
1100,1,Atypical,touch,Schmetterling,-98.5238617638298,-53988.0,3567,2646,0,1.1339342434547184,4.43,7.85,0.3333333333333333,0.002136752136752137,-2.312,-7.945,1.411,-0.47500000000000053,158.62099999999998,17.0,4.65,2.465,0.75,5.691326469022061,17.0,179.6365,16.0,10.327499999999999,28.194,4.0,82.81711961061038,45.56419321270815,20.0
1100,1,Atypical,touch,Seeloewe,23.1434682675676,3526.0,6070,5940,1,3.2346943064066482,4.348,7.875,0.05263157894736842,0.0005339028296849973,-5.105,-9.414,-2.9530000000000003,-0.4339999999999993,149.56099999999998,17.0,3.7669999999999995,3.7669999999999995,1.0,0.17601902325040447,20.0,221.144,0.0,0.0,42.194,21.0,46.43150387400727,85.84442051756527,20.0
1100,1,Atypical,touch,Wal,-50.6425281052849,-35847.5,1791,1621,0,-0.35665699577925175,4.02,7.723,0.125,0.0005310674455655868,-4.82,-9.46,-3.5730000000000004,-0.5150000000000006,146.208,17.0,3.4582999999999995,3.4582999999999995,1.0,0.30788095004842325,22.0,217.32299999999998,0.0,0.0600000000000005,42.3699,21.0,39.597979746446654,83.76453221196577,20.0
1101,0,Typical,click,Klapperschlange,1011.07265758291,568116.5,10278,1220,3,4.047943479706883,4.68,7.582,0.14285714285714285,9.127418765972983e-05,-4.254,-12.266,1.883,-0.5960000000000001,159.38500000000002,17.0,6.5600000000000005,1.8800000000000008,0.7916666666666666,0.3341395210556347,22.0,272.101,17.0,8.696000000000002,39.196,19.0,57.67892111225579,46.71186066420429,19.0
1101,1,Typical,click,Alligator,73.4172586673399,32481.5,2206,1421,1,-0.05072289380394584,4.45,7.72,1.0,0.0001318217769575534,-1.651,-11.46,3.199,-1.7800000000000011,145.1859,16.0,5.68,2.790000000000001,0.7916666666666666,2.046305650511986,22.0,255.92399999999998,4.0,14.643,48.59700000000001,18.0,75.12180909347863,53.99820243997104,18.0
1101,1,Typical,click,Chamaeleon,279.576029580583,152104.5,1726,1390,2,-0.294449338214897,5.184,7.64,0.14285714285714285,0.00013747594171020073,-3.97,-11.42,-2.133,-3.9699999999999998,151.466,17.0,3.0470000000000015,2.112000000000001,1.0,0.32327882020439247,22.0,270.342,7.0,0.0,82.36999999999999,22.0,37.45162754661942,87.97747993854695,5.0
1101,1,Typical,click,Falke,198.586332998306,91023.0,1445,900,2,-0.43713086088047465,4.1,7.598,1.0,0.005917159763313609,-1.225,-7.05,6.791,5.500000000000001,140.834,17.0,0.0,0.0,0.041666666666666664,6.282913899443543,17.0,142.54299999999998,17.0,169.77300000000002,0.0,17.0,155.26518118772736,52.5185607843192,18.0
1101,1,Typical,click,Goldfisch,175.326463955015,92590.5,1389,853,2,-0.46556561272841895,2.568,7.555,1.0,0.001451378809869376,-0.4539,-8.414,6.0731,3.2859999999999996,137.4658,17.0,0.3800000000000008,0.0,0.08333333333333333,5.254619675872444,18.0,162.2903,18.0,83.28269999999999,0.3800000000000008,19.0,130.99429335067194,65.66149375924455,19.0
1101,1,Typical,click,Hai,-87.1797058046924,-35432.5,1997,1260,1,-0.15684544980788082,3.463,7.656,0.5,0.0010214504596527069,-1.455,-8.75,6.6850000000000005,1.0549999999999997,146.10299999999998,17.0,0.0,0.0,0.041666666666666664,3.5044191848582944,19.0,170.33700000000002,18.0,66.883,0.0,19.0,115.92960434836164,32.52035186190416,19.0
1101,1,Typical,click,Hund,483.965344727583,257542.0,1629,900,2,-0.3437023905229434,4.71,7.824,0.07142857142857142,0.0003957261574990107,-4.895,-9.766,1.2930000000000001,-0.8559999999999999,145.851,16.0,0.9599999999999991,0.9599999999999991,0.75,0.2733185827431956,19.0,224.609,0.0,16.677,5.531000000000001,16.0,60.38654795132443,41.35746029182099,16.0
1101,1,Typical,click,Kaninchen,292.244866459611,170865.5,2589,2060,2,0.14375049829895895,5.434,7.836,0.07142857142857142,0.0005599104143337066,-4.344,-9.39,0.8319999999999999,2.51,142.117,16.0,0.0,0.0,0.041666666666666664,0.22004211053077194,22.0,223.166,0.0,67.84799999999998,0.0,0.0,66.49600405715856,42.205436002072055,1.0
1101,1,Typical,click,Katze,336.872610225525,161258.0,1645,1333,2,-0.33557817570924503,5.355,7.812,0.1111111111111111,0.0004655493482309125,-4.63,-9.59,-0.06400000000000006,2.75,149.12400000000002,17.0,0.0,0.0,1.0,0.27924582434778517,22.0,223.119,0.0,61.901999999999994,0.06400000000000006,15.0,64.76828807422034,43.08931947855524,1.0
1101,1,Typical,click,Lachs,87.3463296803799,55960.5,1453,900,0,-0.4330687534736255,3.541,7.77,1.0,0.0009478672985781991,-1.035,-8.805,10.285,1.1550000000000011,144.0922,18.0,0.0,0.0,0.041666666666666664,6.089705803380613,17.0,161.35778,17.0,101.29222,0.0,18.0,183.51630680482114,40.1096654152545,18.0
1101,1,Typical,click,Loewe,240.64249689305,123501.5,1661,1260,3,-0.3274539608955466,5.51,7.688,0.05,0.0002795638803466592,-5.027,-10.305,0.21499999999999986,-1.2889999999999997,152.458,17.0,2.63,2.63,0.9166666666666666,0.19016061941084472,20.0,230.844,0.0,0.8309999999999995,34.827,20.0,64.0926005884869,40.3879506035535,20.0
1101,1,Typical,click,Pferd,-37.076921148862,-20187.0,1357,860,0,-0.4818140423558157,4.496,7.67,0.022727272727272728,0.0003792188092529389,-6.055,-9.88,-0.12099999999999955,-2.243000000000001,147.17399999999998,17.0,3.4650000000000007,2.479000000000001,1.0,0.11968439300255372,20.0,227.091,0.0,0.3200000000000003,35.980000000000004,4.0,48.46719800578261,39.341101111093735,20.0
1101,1,Typical,click,Spatz,20.8882422673269,3458.5,1717,1020,0,-0.2990192090476023,4.57,7.566,1.0,0.0055248618784530384,-1.347,-7.027,8.363000000000001,2.9330000000000007,144.0912,17.0,0.0,0.0,0.041666666666666664,6.366632781654495,17.0,141.23298,17.0,117.94501999999999,0.0,17.0,126.0473080182301,32.63877843707358,18.0
1101,1,Atypical,click,Aal,108.421995575637,80829.0,2213,1340,0,-0.04716854982295281,4.24,7.477,1.0,0.0019011406844106464,-1.614,-8.125,5.753,3.359,144.142,17.0,0.0,0.0,0.041666666666666664,5.350612693200015,18.0,165.81730000000002,18.0,117.51970000000001,0.0,19.0,143.91418385457848,60.76871534313391,19.0
1101,1,Atypical,click,Fledermaus,869.702830784209,596834.5,2669,2340,1,0.1843715723674508,4.906,7.652,0.0018656716417910447,0.00028538812785388126,-8.734,-10.266,-5.031000000000001,-2.3259999999999996,165.516,16.0,0.0,0.0,1.0,0.013391970707803893,20.0,246.002,0.0,0.0,71.10400000000001,4.0,33.0876255149752,94.95394459707009,11.0
1101,1,Atypical,click,Pinguin,-65.9045214025475,-40112.0,1894,1030,2,-0.2091450826710641,3.906,7.797,1.0,0.00510204081632653,-1.1875,-7.18,1.3624999999999998,1.5999999999999996,145.61399999999998,17.0,0.0,0.0,0.041666666666666664,5.679021674422119,18.0,146.9875,17.0,33.1655,0.0,17.0,55.065940584902386,33.47984880766462,18.0
1101,1,Atypical,click,Schmetterling,38.2210910617807,-1693.5,1869,1260,1,-0.2218391683174678,4.43,7.85,0.3333333333333333,0.002136752136752137,-2.312,-7.945,1.411,-0.47500000000000053,158.62099999999998,17.0,4.65,2.465,0.75,5.691326469022061,17.0,179.6365,16.0,10.327499999999999,28.194,4.0,82.81711961061038,45.56419321270815,20.0
1101,1,Atypical,click,Seeloewe,214.015500131794,161592.5,2374,1500,1,0.034581361739887066,4.348,7.875,0.05263157894736842,0.0005339028296849973,-5.105,-9.414,-2.9530000000000003,-0.4339999999999993,149.56099999999998,17.0,3.7669999999999995,3.7669999999999995,1.0,0.17601902325040447,20.0,221.144,0.0,0.0,42.194,21.0,46.43150387400727,85.84442051756527,20.0
1101,1,Atypical,click,Wal,539.178650304006,308847.0,1701,1260,2,-0.3071434238613007,4.02,7.723,0.125,0.0005310674455655868,-4.82,-9.46,-3.5730000000000004,-0.5150000000000006,146.208,17.0,3.4582999999999995,3.4582999999999995,1.0,0.30788095004842325,22.0,217.32299999999998,0.0,0.0600000000000005,42.3699,21.0,39.597979746446654,83.76453221196577,20.0
1102,0,Atypical,touch,Wal,-16.7566915697844,-2574.5,600,540,0,-0.9281267878032861,4.02,7.723,0.125,0.0005310674455655868,-4.82,-9.46,-3.5730000000000004,-0.5150000000000006,146.208,17.0,3.4582999999999995,3.4582999999999995,1.0,0.30788095004842325,22.0,217.32299999999998,0.0,0.0600000000000005,42.3699,21.0,39.597979746446654,83.76453221196577,20.0
1102,1,Typical,touch,Alligator,-70.158560533094,-15278.0,1790,1460,1,-0.00696675653897379,4.45,7.72,1.0,0.0001318217769575534,-1.651,-11.46,3.199,-1.7800000000000011,145.1859,16.0,5.68,2.790000000000001,0.7916666666666666,2.046305650511986,22.0,255.92399999999998,4.0,14.643,48.59700000000001,18.0,75.12180909347863,53.99820243997104,18.0
1102,1,Typical,touch,Chamaeleon,93.8571691416069,55966.5,2290,1860,4,0.38007527340401454,5.184,7.64,0.14285714285714285,0.00013747594171020073,-3.97,-11.42,-2.133,-3.9699999999999998,151.466,17.0,3.0470000000000015,2.112000000000001,1.0,0.32327882020439247,22.0,270.342,7.0,0.0,82.36999999999999,22.0,37.45162754661942,87.97747993854695,5.0
1102,1,Typical,touch,Falke,42.8308178556143,6951.0,1260,820,0,-0.41723130827854144,4.1,7.598,1.0,0.005917159763313609,-1.225,-7.05,6.791,5.500000000000001,140.834,17.0,0.0,0.0,0.041666666666666664,6.282913899443543,17.0,142.54299999999998,17.0,169.77300000000002,0.0,17.0,155.26518118772736,52.5185607843192,18.0
1102,1,Typical,touch,Goldfisch,68.606775129016,17817.0,1711,1301,2,-0.06811939726996595,2.568,7.555,1.0,0.001451378809869376,-0.4539,-8.414,6.0731,3.2859999999999996,137.4658,17.0,0.3800000000000008,0.0,0.08333333333333333,5.254619675872444,18.0,162.2903,18.0,83.28269999999999,0.3800000000000008,19.0,130.99429335067194,65.66149375924455,19.0
1102,1,Typical,touch,Hai,62.0211774732909,40563.5,1400,1100,1,-0.3088595398945047,3.463,7.656,0.5,0.0010214504596527069,-1.455,-8.75,6.6850000000000005,1.0549999999999997,146.10299999999998,17.0,0.0,0.0,0.041666666666666664,3.5044191848582944,19.0,170.33700000000002,18.0,66.883,0.0,19.0,115.92960434836164,32.52035186190416,19.0
1102,1,Typical,touch,Hund,86.9291747124723,58420.0,610,500,0,-0.9203859472044262,4.71,7.824,0.07142857142857142,0.0003957261574990107,-4.895,-9.766,1.2930000000000001,-0.8559999999999999,145.851,16.0,0.9599999999999991,0.9599999999999991,0.75,0.2733185827431956,19.0,224.609,0.0,16.677,5.531000000000001,16.0,60.38654795132443,41.35746029182099,16.0
1102,1,Typical,touch,Kaninchen,72.2259577967658,15639.0,1920,1180,1,0.09366417124620317,5.434,7.836,0.07142857142857142,0.0005599104143337066,-4.344,-9.39,0.8319999999999999,2.51,142.117,16.0,0.0,0.0,0.041666666666666664,0.22004211053077194,22.0,223.166,0.0,67.84799999999998,0.0,0.0,66.49600405715856,42.205436002072055,1.0
1102,1,Typical,touch,Katze,53.6250856701787,14227.0,920,740,1,-0.6804198886397734,5.355,7.812,0.1111111111111111,0.0004655493482309125,-4.63,-9.59,-0.06400000000000006,2.75,149.12400000000002,17.0,0.0,0.0,1.0,0.27924582434778517,22.0,223.119,0.0,61.901999999999994,0.06400000000000006,15.0,64.76828807422034,43.08931947855524,1.0
1102,1,Typical,touch,Klapperschlange,-12.7082210411735,-1174.5,1601,1261,0,-0.15326864385742336,4.68,7.582,0.14285714285714285,9.127418765972983e-05,-4.254,-12.266,1.883,-0.5960000000000001,159.38500000000002,17.0,6.5600000000000005,1.8800000000000008,0.7916666666666666,0.3341395210556347,22.0,272.101,17.0,8.696000000000002,39.196,19.0,57.67892111225579,46.71186066420429,19.0
1102,1,Typical,touch,Lachs,-121.666833057192,-7689.0,1710,1300,1,-0.06889348132985192,3.541,7.77,1.0,0.0009478672985781991,-1.035,-8.805,10.285,1.1550000000000011,144.0922,18.0,0.0,0.0,0.041666666666666664,6.089705803380613,17.0,161.35778,17.0,101.29222,0.0,18.0,183.51630680482114,40.1096654152545,18.0
1102,1,Typical,touch,Loewe,49.8079837044258,28040.0,1370,1300,1,-0.332082061691084,5.51,7.688,0.05,0.0002795638803466592,-5.027,-10.305,0.21499999999999986,-1.2889999999999997,152.458,17.0,2.63,2.63,0.9166666666666666,0.19016061941084472,20.0,230.844,0.0,0.8309999999999995,34.827,20.0,64.0926005884869,40.3879506035535,20.0
1102,1,Typical,touch,Pferd,59.3004119969314,21355.5,1820,980,2,0.016255765257605508,4.496,7.67,0.022727272727272728,0.0003792188092529389,-6.055,-9.88,-0.12099999999999955,-2.243000000000001,147.17399999999998,17.0,3.4650000000000007,2.479000000000001,1.0,0.11968439300255372,20.0,227.091,0.0,0.3200000000000003,35.980000000000004,4.0,48.46719800578261,39.341101111093735,20.0
1102,1,Typical,touch,Spatz,64.1663098656217,41809.5,990,780,2,-0.6262340044477551,4.57,7.566,1.0,0.0055248618784530384,-1.347,-7.027,8.363000000000001,2.9330000000000007,144.0912,17.0,0.0,0.0,0.041666666666666664,6.366632781654495,17.0,141.23298,17.0,117.94501999999999,0.0,17.0,126.0473080182301,32.63877843707358,18.0
1102,1,Atypical,touch,Aal,53.7649452512598,32714.5,910,700,0,-0.6881607292386333,4.24,7.477,1.0,0.0019011406844106464,-1.614,-8.125,5.753,3.359,144.142,17.0,0.0,0.0,0.041666666666666664,5.350612693200015,18.0,165.81730000000002,18.0,117.51970000000001,0.0,19.0,143.91418385457848,60.76871534313391,19.0
1102,1,Atypical,touch,Fledermaus,92.8228887915194,32567.0,6609,6149,3,3.7233443280515477,4.906,7.652,0.0018656716417910447,0.00028538812785388126,-8.734,-10.266,-5.031000000000001,-2.3259999999999996,165.516,16.0,0.0,0.0,1.0,0.013391970707803893,20.0,246.002,0.0,0.0,71.10400000000001,4.0,33.0876255149752,94.95394459707009,11.0
1102,1,Atypical,touch,Pinguin,98.0440778194963,40358.5,2670,2620,1,0.6742272161606857,3.906,7.797,1.0,0.00510204081632653,-1.1875,-7.18,1.3624999999999998,1.5999999999999996,145.61399999999998,17.0,0.0,0.0,0.041666666666666664,5.679021674422119,18.0,146.9875,17.0,33.1655,0.0,17.0,55.065940584902386,33.47984880766462,18.0
1102,1,Atypical,touch,Schmetterling,50.5716135545076,20885.5,2159,1709,1,0.2786702615589516,4.43,7.85,0.3333333333333333,0.002136752136752137,-2.312,-7.945,1.411,-0.47500000000000053,158.62099999999998,17.0,4.65,2.465,0.75,5.691326469022061,17.0,179.6365,16.0,10.327499999999999,28.194,4.0,82.81711961061038,45.56419321270815,20.0
1102,1,Atypical,touch,Seeloewe,53.9974514631346,24331.5,1841,1701,1,0.032511530515211017,4.348,7.875,0.05263157894736842,0.0005339028296849973,-5.105,-9.414,-2.9530000000000003,-0.4339999999999993,149.56099999999998,17.0,3.7669999999999995,3.7669999999999995,1.0,0.17601902325040447,20.0,221.144,0.0,0.0,42.194,21.0,46.43150387400727,85.84442051756527,20.0
1103,0,Typical,touch,Hai,-35.0970078011868,-9756.5,3101,3021,1,3.0116970232322773,3.463,7.656,0.5,0.0010214504596527069,-1.455,-8.75,6.6850000000000005,1.0549999999999997,146.10299999999998,17.0,0.0,0.0,0.041666666666666664,3.5044191848582944,19.0,170.33700000000002,18.0,66.883,0.0,19.0,115.92960434836164,32.52035186190416,19.0
1103,0,Typical,touch,Lachs,32.4860731278188,6706.5,1143,853,2,-0.9227466561681923,3.541,7.77,1.0,0.0009478672985781991,-1.035,-8.805,10.285,1.1550000000000011,144.0922,18.0,0.0,0.0,0.041666666666666664,6.089705803380613,17.0,161.35778,17.0,101.29222,0.0,18.0,183.51630680482114,40.1096654152545,18.0
1103,1,Typical,touch,Alligator,-36.0229852258734,-14391.0,1231,1101,1,-0.7459177267569352,4.45,7.72,1.0,0.0001318217769575534,-1.651,-11.46,3.199,-1.7800000000000011,145.1859,16.0,5.68,2.790000000000001,0.7916666666666666,2.046305650511986,22.0,255.92399999999998,4.0,14.643,48.59700000000001,18.0,75.12180909347863,53.99820243997104,18.0
1103,1,Typical,touch,Chamaeleon,31.9965440314834,5386.5,1040,950,1,-1.1297168803654591,5.184,7.64,0.14285714285714285,0.00013747594171020073,-3.97,-11.42,-2.133,-3.9699999999999998,151.466,17.0,3.0470000000000015,2.112000000000001,1.0,0.32327882020439247,22.0,270.342,7.0,0.0,82.36999999999999,22.0,37.45162754661942,87.97747993854695,5.0
1103,1,Typical,touch,Falke,342.355553531401,88800.0,1690,1620,3,0.1764058936949624,4.1,7.598,1.0,0.005917159763313609,-1.225,-7.05,6.791,5.500000000000001,140.834,17.0,0.0,0.0,0.041666666666666664,6.282913899443543,17.0,142.54299999999998,17.0,169.77300000000002,0.0,17.0,155.26518118772736,52.5185607843192,18.0
1103,1,Typical,touch,Goldfisch,-72.8126906091612,13615.0,1920,1430,2,0.6385724137471116,2.568,7.555,1.0,0.001451378809869376,-0.4539,-8.414,6.0731,3.2859999999999996,137.4658,17.0,0.3800000000000008,0.0,0.08333333333333333,5.254619675872444,18.0,162.2903,18.0,83.28269999999999,0.3800000000000008,19.0,130.99429335067194,65.66149375924455,19.0
1103,1,Typical,touch,Hund,456.396517070863,150355.0,1501,1351,2,-0.20337442060876015,4.71,7.824,0.07142857142857142,0.0003957261574990107,-4.895,-9.766,1.2930000000000001,-0.8559999999999999,145.851,16.0,0.9599999999999991,0.9599999999999991,0.75,0.2733185827431956,19.0,224.609,0.0,16.677,5.531000000000001,16.0,60.38654795132443,41.35746029182099,16.0
1103,1,Typical,touch,Kaninchen,-49.909158775601,-21748.5,1270,1070,0,-0.6675503603133099,5.434,7.836,0.07142857142857142,0.0005599104143337066,-4.344,-9.39,0.8319999999999999,2.51,142.117,16.0,0.0,0.0,0.041666666666666664,0.22004211053077194,22.0,223.166,0.0,67.84799999999998,0.0,0.0,66.49600405715856,42.205436002072055,1.0
1103,1,Typical,touch,Katze,-62.6562070954276,-28589.0,1300,1060,1,-0.6072677707412905,5.355,7.812,0.1111111111111111,0.0004655493482309125,-4.63,-9.59,-0.06400000000000006,2.75,149.12400000000002,17.0,0.0,0.0,1.0,0.27924582434778517,22.0,223.119,0.0,61.901999999999994,0.06400000000000006,15.0,64.76828807422034,43.08931947855524,1.0
1103,1,Typical,touch,Klapperschlange,-61.3182195488644,-24084.0,2247,2117,0,1.2956526400821236,4.68,7.582,0.14285714285714285,9.127418765972983e-05,-4.254,-12.266,1.883,-0.5960000000000001,159.38500000000002,17.0,6.5600000000000005,1.8800000000000008,0.7916666666666666,0.3341395210556347,22.0,272.101,17.0,8.696000000000002,39.196,19.0,57.67892111225579,46.71186066420429,19.0
1103,1,Typical,touch,Loewe,-43.500739365287,-13765.0,1110,900,2,-0.9890575046974137,5.51,7.688,0.05,0.0002795638803466592,-5.027,-10.305,0.21499999999999986,-1.2889999999999997,152.458,17.0,2.63,2.63,0.9166666666666666,0.19016061941084472,20.0,230.844,0.0,0.8309999999999995,34.827,20.0,64.0926005884869,40.3879506035535,20.0
1103,1,Typical,touch,Pferd,36.4325919861478,-831.5,1509,1229,3,-0.18729906338955496,4.496,7.67,0.022727272727272728,0.0003792188092529389,-6.055,-9.88,-0.12099999999999955,-2.243000000000001,147.17399999999998,17.0,3.4650000000000007,2.479000000000001,1.0,0.11968439300255372,20.0,227.091,0.0,0.3200000000000003,35.980000000000004,4.0,48.46719800578261,39.341101111093735,20.0
1103,1,Typical,touch,Spatz,43.1801910545744,20308.5,1230,1180,1,-0.7479271464093359,4.57,7.566,1.0,0.0055248618784530384,-1.347,-7.027,8.363000000000001,2.9330000000000007,144.0912,17.0,0.0,0.0,0.041666666666666664,6.366632781654495,17.0,141.23298,17.0,117.94501999999999,0.0,17.0,126.0473080182301,32.63877843707358,18.0
1103,1,Atypical,touch,Aal,32.9981551131349,836.0,2210,2020,0,1.2213041129432995,4.24,7.477,1.0,0.0019011406844106464,-1.614,-8.125,5.753,3.359,144.142,17.0,0.0,0.0,0.041666666666666664,5.350612693200015,18.0,165.81730000000002,18.0,117.51970000000001,0.0,19.0,143.91418385457848,60.76871534313391,19.0
1103,1,Atypical,touch,Fledermaus,-56.6898522422827,-9518.5,1570,1460,3,-0.06472446459311541,4.906,7.652,0.0018656716417910447,0.00028538812785388126,-8.734,-10.266,-5.031000000000001,-2.3259999999999996,165.516,16.0,0.0,0.0,1.0,0.013391970707803893,20.0,246.002,0.0,0.0,71.10400000000001,4.0,33.0876255149752,94.95394459707009,11.0
1103,1,Atypical,touch,Pinguin,-63.6724875220456,-26408.0,1740,1340,4,0.27687687631499486,3.906,7.797,1.0,0.00510204081632653,-1.1875,-7.18,1.3624999999999998,1.5999999999999996,145.61399999999998,17.0,0.0,0.0,0.041666666666666664,5.679021674422119,18.0,146.9875,17.0,33.1655,0.0,17.0,55.065940584902386,33.47984880766462,18.0
1103,1,Atypical,touch,Schmetterling,36.8728357719426,25484.5,1430,1140,1,-0.34604321592920617,4.43,7.85,0.3333333333333333,0.002136752136752137,-2.312,-7.945,1.411,-0.47500000000000053,158.62099999999998,17.0,4.65,2.465,0.75,5.691326469022061,17.0,179.6365,16.0,10.327499999999999,28.194,4.0,82.81711961061038,45.56419321270815,20.0
1103,1,Atypical,touch,Seeloewe,63.3876041642456,34040.5,1570,1460,2,-0.06472446459311541,4.348,7.875,0.05263157894736842,0.0005339028296849973,-5.105,-9.414,-2.9530000000000003,-0.4339999999999993,149.56099999999998,17.0,3.7669999999999995,3.7669999999999995,1.0,0.17601902325040447,20.0,221.144,0.0,0.0,42.194,21.0,46.43150387400727,85.84442051756527,20.0
1103,1,Atypical,touch,Wal,715.023318430494,155760.5,1630,1380,4,0.0558407145509235,4.02,7.723,0.125,0.0005310674455655868,-4.82,-9.46,-3.5730000000000004,-0.5150000000000006,146.208,17.0,3.4582999999999995,3.4582999999999995,1.0,0.30788095004842325,22.0,217.32299999999998,0.0,0.0600000000000005,42.3699,21.0,39.597979746446654,83.76453221196577,20.0
1104,0,Typical,click,Alligator,934.044898015934,265257.0,13692,13036,3,3.6106494891927157,4.45,7.72,1.0,0.0001318217769575534,-1.651,-11.46,3.199,-1.7800000000000011,145.1859,16.0,5.68,2.790000000000001,0.7916666666666666,2.046305650511986,22.0,255.92399999999998,4.0,14.643,48.59700000000001,18.0,75.12180909347863,53.99820243997104,18.0
1104,0,Atypical,click,Aal,-104.454443669373,-47847.0,4885,4372,0,0.44605711768917394,4.24,7.477,1.0,0.0019011406844106464,-1.614,-8.125,5.753,3.359,144.142,17.0,0.0,0.0,0.041666666666666664,5.350612693200015,18.0,165.81730000000002,18.0,117.51970000000001,0.0,19.0,143.91418385457848,60.76871534313391,19.0
1104,0,Atypical,click,Fledermaus,-205.81257253583,-142668.0,5334,4774,1,0.6073949143060798,4.906,7.652,0.0018656716417910447,0.00028538812785388126,-8.734,-10.266,-5.031000000000001,-2.3259999999999996,165.516,16.0,0.0,0.0,1.0,0.013391970707803893,20.0,246.002,0.0,0.0,71.10400000000001,4.0,33.0876255149752,94.95394459707009,11.0
1104,0,Atypical,click,Seeloewe,-184.728546697737,-78045.0,3222,2470,3,-0.15150358559348645,4.348,7.875,0.05263157894736842,0.0005339028296849973,-5.105,-9.414,-2.9530000000000003,-0.4339999999999993,149.56099999999998,17.0,3.7669999999999995,3.7669999999999995,1.0,0.17601902325040447,20.0,221.144,0.0,0.0,42.194,21.0,46.43150387400727,85.84442051756527,20.0
1104,0,Atypical,click,Wal,192.677565814079,92510.0,1742,1380,0,-0.6833074586291674,4.02,7.723,0.125,0.0005310674455655868,-4.82,-9.46,-3.5730000000000004,-0.5150000000000006,146.208,17.0,3.4582999999999995,3.4582999999999995,1.0,0.30788095004842325,22.0,217.32299999999998,0.0,0.0600000000000005,42.3699,21.0,39.597979746446654,83.76453221196577,20.0
1104,1,Typical,click,Chamaeleon,1090.51991794492,340219.0,3717,3420,1,0.026363250320474402,5.184,7.64,0.14285714285714285,0.00013747594171020073,-3.97,-11.42,-2.133,-3.9699999999999998,151.466,17.0,3.0470000000000015,2.112000000000001,1.0,0.32327882020439247,22.0,270.342,7.0,0.0,82.36999999999999,22.0,37.45162754661942,87.97747993854695,5.0
1104,1,Typical,click,Falke,-47.2773704022586,-7302.0,4413,2725,0,0.27645480142374057,4.1,7.598,1.0,0.005917159763313609,-1.225,-7.05,6.791,5.500000000000001,140.834,17.0,0.0,0.0,0.041666666666666664,6.282913899443543,17.0,142.54299999999998,17.0,169.77300000000002,0.0,17.0,155.26518118772736,52.5185607843192,18.0
1104,1,Typical,click,Goldfisch,-247.14247996936,-189432.0,1525,1180,1,-0.7612814048783179,2.568,7.555,1.0,0.001451378809869376,-0.4539,-8.414,6.0731,3.2859999999999996,137.4658,17.0,0.3800000000000008,0.0,0.08333333333333333,5.254619675872444,18.0,162.2903,18.0,83.28269999999999,0.3800000000000008,19.0,130.99429335067194,65.66149375924455,19.0
1104,1,Typical,click,Hai,-113.131958280409,-70654.5,2845,2420,0,-0.286969842441089,3.463,7.656,0.5,0.0010214504596527069,-1.455,-8.75,6.6850000000000005,1.0549999999999997,146.10299999999998,17.0,0.0,0.0,0.041666666666666664,3.5044191848582944,19.0,170.33700000000002,18.0,66.883,0.0,19.0,115.92960434836164,32.52035186190416,19.0
1104,1,Typical,click,Hund,991.261742063347,658415.5,2014,1550,1,-0.585570530611799,4.71,7.824,0.07142857142857142,0.0003957261574990107,-4.895,-9.766,1.2930000000000001,-0.8559999999999999,145.851,16.0,0.9599999999999991,0.9599999999999991,0.75,0.2733185827431956,19.0,224.609,0.0,16.677,5.531000000000001,16.0,60.38654795132443,41.35746029182099,16.0
1104,1,Typical,click,Kaninchen,-181.240032609245,-95482.0,6365,5773,2,0.9778609907248549,5.434,7.836,0.07142857142857142,0.0005599104143337066,-4.344,-9.39,0.8319999999999999,2.51,142.117,16.0,0.0,0.0,0.041666666666666664,0.22004211053077194,22.0,223.166,0.0,67.84799999999998,0.0,0.0,66.49600405715856,42.205436002072055,1.0
1104,1,Typical,click,Katze,156.507287706776,21906.5,1758,1470,1,-0.6775582275693222,5.355,7.812,0.1111111111111111,0.0004655493482309125,-4.63,-9.59,-0.06400000000000006,2.75,149.12400000000002,17.0,0.0,0.0,1.0,0.27924582434778517,22.0,223.119,0.0,61.901999999999994,0.06400000000000006,15.0,64.76828807422034,43.08931947855524,1.0
1104,1,Typical,click,Klapperschlange,-47.5452766002288,-33038.5,2630,2181,0,-0.3642251348077588,4.68,7.582,0.14285714285714285,9.127418765972983e-05,-4.254,-12.266,1.883,-0.5960000000000001,159.38500000000002,17.0,6.5600000000000005,1.8800000000000008,0.7916666666666666,0.3341395210556347,22.0,272.101,17.0,8.696000000000002,39.196,19.0,57.67892111225579,46.71186066420429,19.0
1104,1,Typical,click,Lachs,-124.63328529344,-73798.0,1997,1340,1,-0.5916790886128845,3.541,7.77,1.0,0.0009478672985781991,-1.035,-8.805,10.285,1.1550000000000011,144.0922,18.0,0.0,0.0,0.041666666666666664,6.089705803380613,17.0,161.35778,17.0,101.29222,0.0,18.0,183.51630680482114,40.1096654152545,18.0
1104,1,Typical,click,Loewe,444.958772593063,205468.5,1845,1380,1,-0.646296783681414,5.51,7.688,0.05,0.0002795638803466592,-5.027,-10.305,0.21499999999999986,-1.2889999999999997,152.458,17.0,2.63,2.63,0.9166666666666666,0.19016061941084472,20.0,230.844,0.0,0.8309999999999995,34.827,20.0,64.0926005884869,40.3879506035535,20.0
1104,1,Typical,click,Pferd,853.227060249613,410041.5,1934,1262,1,-0.614316685911025,4.496,7.67,0.022727272727272728,0.0003792188092529389,-6.055,-9.88,-0.12099999999999955,-2.243000000000001,147.17399999999998,17.0,3.4650000000000007,2.479000000000001,1.0,0.11968439300255372,20.0,227.091,0.0,0.3200000000000003,35.980000000000004,4.0,48.46719800578261,39.341101111093735,20.0
1104,1,Typical,click,Spatz,-113.430957325213,-67566.0,3397,3029,0,-0.08862137087642959,4.57,7.566,1.0,0.0055248618784530384,-1.347,-7.027,8.363000000000001,2.9330000000000007,144.0912,17.0,0.0,0.0,0.041666666666666664,6.366632781654495,17.0,141.23298,17.0,117.94501999999999,0.0,17.0,126.0473080182301,32.63877843707358,18.0
1104,1,Atypical,click,Pinguin,267.291758721928,73759.5,2901,2388,2,-0.2668475337316308,3.906,7.797,1.0,0.00510204081632653,-1.1875,-7.18,1.3624999999999998,1.5999999999999996,145.61399999999998,17.0,0.0,0.0,0.041666666666666664,5.679021674422119,18.0,146.9875,17.0,33.1655,0.0,17.0,55.065940584902386,33.47984880766462,18.0
1104,1,Atypical,click,Schmetterling,64.5380252882337,-14016.5,3013,2380,0,-0.22660291631271437,4.43,7.85,0.3333333333333333,0.002136752136752137,-2.312,-7.945,1.411,-0.47500000000000053,158.62099999999998,17.0,4.65,2.465,0.75,5.691326469022061,17.0,179.6365,16.0,10.327499999999999,28.194,4.0,82.81711961061038,45.56419321270815,20.0
1105,1,Typical,click,Alligator,51.3794564977532,26506.5,3439,2230,0,-0.1814499912017866,4.45,7.72,1.0,0.0001318217769575534,-1.651,-11.46,3.199,-1.7800000000000011,145.1859,16.0,5.68,2.790000000000001,0.7916666666666666,2.046305650511986,22.0,255.92399999999998,4.0,14.643,48.59700000000001,18.0,75.12180909347863,53.99820243997104,18.0
1105,1,Typical,click,Chamaeleon,93.2254191236386,59397.5,2741,1980,0,-0.3414918762322531,5.184,7.64,0.14285714285714285,0.00013747594171020073,-3.97,-11.42,-2.133,-3.9699999999999998,151.466,17.0,3.0470000000000015,2.112000000000001,1.0,0.32327882020439247,22.0,270.342,7.0,0.0,82.36999999999999,22.0,37.45162754661942,87.97747993854695,5.0
1105,1,Typical,click,Falke,-103.714445996328,-63927.0,2822,2230,0,-0.3229196804049353,4.1,7.598,1.0,0.005917159763313609,-1.225,-7.05,6.791,5.500000000000001,140.834,17.0,0.0,0.0,0.041666666666666664,6.282913899443543,17.0,142.54299999999998,17.0,169.77300000000002,0.0,17.0,155.26518118772736,52.5185607843192,18.0
1105,1,Typical,click,Goldfisch,-66.2035681342274,-44674.5,2815,1951,0,-0.3245246849826047,2.568,7.555,1.0,0.001451378809869376,-0.4539,-8.414,6.0731,3.2859999999999996,137.4658,17.0,0.3800000000000008,0.0,0.08333333333333333,5.254619675872444,18.0,162.2903,18.0,83.28269999999999,0.3800000000000008,19.0,130.99429335067194,65.66149375924455,19.0
1105,1,Typical,click,Hai,722.353024515345,6140.0,20685,13484,5,3.772822715439222,3.463,7.656,0.5,0.0010214504596527069,-1.455,-8.75,6.6850000000000005,1.0549999999999997,146.10299999999998,17.0,0.0,0.0,0.041666666666666664,3.5044191848582944,19.0,170.33700000000002,18.0,66.883,0.0,19.0,115.92960434836164,32.52035186190416,19.0
1105,1,Typical,click,Hund,32.3542179938899,17155.5,1981,1340,0,-0.5157495160935059,4.71,7.824,0.07142857142857142,0.0003957261574990107,-4.895,-9.766,1.2930000000000001,-0.8559999999999999,145.851,16.0,0.9599999999999991,0.9599999999999991,0.75,0.2733185827431956,19.0,224.609,0.0,16.677,5.531000000000001,16.0,60.38654795132443,41.35746029182099,16.0
1105,1,Typical,click,Kaninchen,95.6618480726343,29447.5,2821,1740,3,-0.3231489667731738,5.434,7.836,0.07142857142857142,0.0005599104143337066,-4.344,-9.39,0.8319999999999999,2.51,142.117,16.0,0.0,0.0,0.041666666666666664,0.22004211053077194,22.0,223.166,0.0,67.84799999999998,0.0,0.0,66.49600405715856,42.205436002072055,1.0
1105,1,Typical,click,Katze,60.8150371833794,45866.0,2629,2069,0,-0.367171949474964,5.355,7.812,0.1111111111111111,0.0004655493482309125,-4.63,-9.59,-0.06400000000000006,2.75,149.12400000000002,17.0,0.0,0.0,1.0,0.27924582434778517,22.0,223.119,0.0,61.901999999999994,0.06400000000000006,15.0,64.76828807422034,43.08931947855524,1.0
1105,1,Typical,click,Klapperschlange,-55.9144380033839,-19884.0,5814,5053,1,0.36310513336462863,4.68,7.582,0.14285714285714285,9.127418765972983e-05,-4.254,-12.266,1.883,-0.5960000000000001,159.38500000000002,17.0,6.5600000000000005,1.8800000000000008,0.7916666666666666,0.3341395210556347,22.0,272.101,17.0,8.696000000000002,39.196,19.0,57.67892111225579,46.71186066420429,19.0
1105,1,Typical,click,Lachs,26.2684146901225,15618.0,2197,1460,1,-0.46622366055399195,3.541,7.77,1.0,0.0009478672985781991,-1.035,-8.805,10.285,1.1550000000000011,144.0922,18.0,0.0,0.0,0.041666666666666664,6.089705803380613,17.0,161.35778,17.0,101.29222,0.0,18.0,183.51630680482114,40.1096654152545,18.0
1105,1,Typical,click,Loewe,156.397184038462,101685.0,2733,1340,0,-0.343326167178161,5.51,7.688,0.05,0.0002795638803466592,-5.027,-10.305,0.21499999999999986,-1.2889999999999997,152.458,17.0,2.63,2.63,0.9166666666666666,0.19016061941084472,20.0,230.844,0.0,0.8309999999999995,34.827,20.0,64.0926005884869,40.3879506035535,20.0
1105,1,Typical,click,Pferd,-95.6310372150829,-68707.5,2205,1380,0,-0.464389369608084,4.496,7.67,0.022727272727272728,0.0003792188092529389,-6.055,-9.88,-0.12099999999999955,-2.243000000000001,147.17399999999998,17.0,3.4650000000000007,2.479000000000001,1.0,0.11968439300255372,20.0,227.091,0.0,0.3200000000000003,35.980000000000004,4.0,48.46719800578261,39.341101111093735,20.0
1105,1,Typical,click,Spatz,57.3913960737501,38821.0,2566,1781,0,-0.3816169906739889,4.57,7.566,1.0,0.0055248618784530384,-1.347,-7.027,8.363000000000001,2.9330000000000007,144.0912,17.0,0.0,0.0,0.041666666666666664,6.366632781654495,17.0,141.23298,17.0,117.94501999999999,0.0,17.0,126.0473080182301,32.63877843707358,18.0
1105,1,Atypical,click,Aal,89.5079046401346,31723.0,2085,1340,0,-0.49190373379670294,4.24,7.477,1.0,0.0019011406844106464,-1.614,-8.125,5.753,3.359,144.142,17.0,0.0,0.0,0.041666666666666664,5.350612693200015,18.0,165.81730000000002,18.0,117.51970000000001,0.0,19.0,143.91418385457848,60.76871534313391,19.0
1105,1,Atypical,click,Fledermaus,-84.5915651979017,-24781.5,5439,2141,0,0.27712274527519465,4.906,7.652,0.0018656716417910447,0.00028538812785388126,-8.734,-10.266,-5.031000000000001,-2.3259999999999996,165.516,16.0,0.0,0.0,1.0,0.013391970707803893,20.0,246.002,0.0,0.0,71.10400000000001,4.0,33.0876255149752,94.95394459707009,11.0
1105,1,Atypical,click,Pinguin,651.507991620356,305421.0,9318,8494,1,1.1665245676722997,3.906,7.797,1.0,0.00510204081632653,-1.1875,-7.18,1.3624999999999998,1.5999999999999996,145.61399999999998,17.0,0.0,0.0,0.041666666666666664,5.679021674422119,18.0,146.9875,17.0,33.1655,0.0,17.0,55.065940584902386,33.47984880766462,18.0
1105,1,Atypical,click,Schmetterling,-91.8665672802339,-50434.0,2485,1756,0,-0.40018918650130664,4.43,7.85,0.3333333333333333,0.002136752136752137,-2.312,-7.945,1.411,-0.47500000000000053,158.62099999999998,17.0,4.65,2.465,0.75,5.691326469022061,17.0,179.6365,16.0,10.327499999999999,28.194,4.0,82.81711961061038,45.56419321270815,20.0
1105,1,Atypical,click,Seeloewe,92.6281627108716,31485.5,3221,1756,0,-0.23143441947777757,4.348,7.875,0.05263157894736842,0.0005339028296849973,-5.105,-9.414,-2.9530000000000003,-0.4339999999999993,149.56099999999998,17.0,3.7669999999999995,3.7669999999999995,1.0,0.17601902325040447,20.0,221.144,0.0,0.0,42.194,21.0,46.43150387400727,85.84442051756527,20.0
1105,1,Atypical,click,Wal,-45.0642147485678,-20617.5,2381,1340,0,-0.4240349687981097,4.02,7.723,0.125,0.0005310674455655868,-4.82,-9.46,-3.5730000000000004,-0.5150000000000006,146.208,17.0,3.4582999999999995,3.4582999999999995,1.0,0.30788095004842325,22.0,217.32299999999998,0.0,0.0600000000000005,42.3699,21.0,39.597979746446654,83.76453221196577,20.0
1106,1,Typical,touch,Alligator,137.517179893791,73633.0,2490,1740,0,-0.027132904884475506,4.45,7.72,1.0,0.0001318217769575534,-1.651,-11.46,3.199,-1.7800000000000011,145.1859,16.0,5.68,2.790000000000001,0.7916666666666666,2.046305650511986,22.0,255.92399999999998,4.0,14.643,48.59700000000001,18.0,75.12180909347863,53.99820243997104,18.0
1106,1,Typical,touch,Chamaeleon,-22.0276389344419,-1966.0,1710,1540,0,-0.7609096391690132,5.184,7.64,0.14285714285714285,0.00013747594171020073,-3.97,-11.42,-2.133,-3.9699999999999998,151.466,17.0,3.0470000000000015,2.112000000000001,1.0,0.32327882020439247,22.0,270.342,7.0,0.0,82.36999999999999,22.0,37.45162754661942,87.97747993854695,5.0
1106,1,Typical,touch,Falke,46.0477332027443,29840.0,2190,1900,1,-0.3093547257631439,4.1,7.598,1.0,0.005917159763313609,-1.225,-7.05,6.791,5.500000000000001,140.834,17.0,0.0,0.0,0.041666666666666664,6.282913899443543,17.0,142.54299999999998,17.0,169.77300000000002,0.0,17.0,155.26518118772736,52.5185607843192,18.0
1106,1,Typical,touch,Goldfisch,672.551114566721,252116.0,5678,4308,1,2.97194431165284,2.568,7.555,1.0,0.001451378809869376,-0.4539,-8.414,6.0731,3.2859999999999996,137.4658,17.0,0.3800000000000008,0.0,0.08333333333333333,5.254619675872444,18.0,162.2903,18.0,83.28269999999999,0.3800000000000008,19.0,130.99429335067194,65.66149375924455,19.0
1106,1,Typical,touch,Hai,52.1279642390376,29927.5,2970,2830,2,0.4244220085213939,3.463,7.656,0.5,0.0010214504596527069,-1.455,-8.75,6.6850000000000005,1.0549999999999997,146.10299999999998,17.0,0.0,0.0,0.041666666666666664,3.5044191848582944,19.0,170.33700000000002,18.0,66.883,0.0,19.0,115.92960434836164,32.52035186190416,19.0
1106,1,Typical,touch,Hund,27.5802955023802,6324.0,1390,1260,1,-1.0619462481062596,4.71,7.824,0.07142857142857142,0.0003957261574990107,-4.895,-9.766,1.2930000000000001,-0.8559999999999999,145.851,16.0,0.9599999999999991,0.9599999999999991,0.75,0.2733185827431956,19.0,224.609,0.0,16.677,5.531000000000001,16.0,60.38654795132443,41.35746029182099,16.0
1106,1,Typical,touch,Kaninchen,87.0860248081202,51814.5,2797,2597,0,0.26167409181469514,5.434,7.836,0.07142857142857142,0.0005599104143337066,-4.344,-9.39,0.8319999999999999,2.51,142.117,16.0,0.0,0.0,0.041666666666666664,0.22004211053077194,22.0,223.166,0.0,67.84799999999998,0.0,0.0,66.49600405715856,42.205436002072055,1.0
1106,1,Typical,touch,Katze,93.7143777001089,59616.0,1591,1461,0,-0.8728576281175517,5.355,7.812,0.1111111111111111,0.0004655493482309125,-4.63,-9.59,-0.06400000000000006,2.75,149.12400000000002,17.0,0.0,0.0,1.0,0.27924582434778517,22.0,223.119,0.0,61.901999999999994,0.06400000000000006,15.0,64.76828807422034,43.08931947855524,1.0
1106,1,Typical,touch,Klapperschlange,357.812520206544,184473.5,3971,3910,2,1.3661021508532174,4.68,7.582,0.14285714285714285,9.127418765972983e-05,-4.254,-12.266,1.883,-0.5960000000000001,159.38500000000002,17.0,6.5600000000000005,1.8800000000000008,0.7916666666666666,0.3341395210556347,22.0,272.101,17.0,8.696000000000002,39.196,19.0,57.67892111225579,46.71186066420429,19.0
1106,1,Typical,touch,Lachs,43.4833546136842,-1024.5,2856,2350,3,0.3171777165874999,3.541,7.77,1.0,0.0009478672985781991,-1.035,-8.805,10.285,1.1550000000000011,144.0922,18.0,0.0,0.0,0.041666666666666664,6.089705803380613,17.0,161.35778,17.0,101.29222,0.0,18.0,183.51630680482114,40.1096654152545,18.0
1106,1,Typical,touch,Loewe,-46.7850701475825,-8542.0,1767,1287,0,-0.7072874932020663,5.51,7.688,0.05,0.0002795638803466592,-5.027,-10.305,0.21499999999999986,-1.2889999999999997,152.458,17.0,2.63,2.63,0.9166666666666666,0.19016061941084472,20.0,230.844,0.0,0.8309999999999995,34.827,20.0,64.0926005884869,40.3879506035535,20.0
1106,1,Typical,touch,Pferd,175.200125865283,52047.0,2190,1790,3,-0.3093547257631439,4.496,7.67,0.022727272727272728,0.0003792188092529389,-6.055,-9.88,-0.12099999999999955,-2.243000000000001,147.17399999999998,17.0,3.4650000000000007,2.479000000000001,1.0,0.11968439300255372,20.0,227.091,0.0,0.3200000000000003,35.980000000000004,4.0,48.46719800578261,39.341101111093735,20.0
1106,1,Typical,touch,Spatz,63.2862487144657,26689.5,1537,1437,0,-0.923657555875712,4.57,7.566,1.0,0.0055248618784530384,-1.347,-7.027,8.363000000000001,2.9330000000000007,144.0912,17.0,0.0,0.0,0.041666666666666664,6.366632781654495,17.0,141.23298,17.0,117.94501999999999,0.0,17.0,126.0473080182301,32.63877843707358,18.0
1106,1,Atypical,touch,Aal,50.8409741098601,14896.5,2893,2653,1,0.35198507449586897,4.24,7.477,1.0,0.0019011406844106464,-1.614,-8.125,5.753,3.359,144.142,17.0,0.0,0.0,0.041666666666666664,5.350612693200015,18.0,165.81730000000002,18.0,117.51970000000001,0.0,19.0,143.91418385457848,60.76871534313391,19.0
1106,1,Atypical,touch,Fledermaus,-13.4786707311824,-3899.5,1590,1540,0,-0.8737983675204806,4.906,7.652,0.0018656716417910447,0.00028538812785388126,-8.734,-10.266,-5.031000000000001,-2.3259999999999996,165.516,16.0,0.0,0.0,1.0,0.013391970707803893,20.0,246.002,0.0,0.0,71.10400000000001,4.0,33.0876255149752,94.95394459707009,11.0
1106,1,Atypical,touch,Pinguin,57.6956241074685,26630.5,3220,3060,0,0.6596068592536175,3.906,7.797,1.0,0.00510204081632653,-1.1875,-7.18,1.3624999999999998,1.5999999999999996,145.61399999999998,17.0,0.0,0.0,0.041666666666666664,5.679021674422119,18.0,146.9875,17.0,33.1655,0.0,17.0,55.065940584902386,33.47984880766462,18.0
1106,1,Atypical,touch,Schmetterling,12.0458790461723,1083.0,2091,2021,0,-0.4024879266531044,4.43,7.85,0.3333333333333333,0.002136752136752137,-2.312,-7.945,1.411,-0.47500000000000053,158.62099999999998,17.0,4.65,2.465,0.75,5.691326469022061,17.0,179.6365,16.0,10.327499999999999,28.194,4.0,82.81711961061038,45.56419321270815,20.0
1106,1,Atypical,touch,Seeloewe,127.45946635122,39531.0,3368,2988,2,0.7988362908870938,4.348,7.875,0.05263157894736842,0.0005339028296849973,-5.105,-9.414,-2.9530000000000003,-0.4339999999999993,149.56099999999998,17.0,3.7669999999999995,3.7669999999999995,1.0,0.17601902325040447,20.0,221.144,0.0,0.0,42.194,21.0,46.43150387400727,85.84442051756527,20.0
1106,1,Atypical,touch,Wal,36.5928747717327,30355.0,1559,1349,2,-0.9029612890112764,4.02,7.723,0.125,0.0005310674455655868,-4.82,-9.46,-3.5730000000000004,-0.5150000000000006,146.208,17.0,3.4582999999999995,3.4582999999999995,1.0,0.30788095004842325,22.0,217.32299999999998,0.0,0.0600000000000005,42.3699,21.0,39.597979746446654,83.76453221196577,20.0
1107,0,Typical,click,Klapperschlange,-112.317061179812,-73546.0,2573,2060,0,-0.2443476676781014,4.68,7.582,0.14285714285714285,9.127418765972983e-05,-4.254,-12.266,1.883,-0.5960000000000001,159.38500000000002,17.0,6.5600000000000005,1.8800000000000008,0.7916666666666666,0.3341395210556347,22.0,272.101,17.0,8.696000000000002,39.196,19.0,57.67892111225579,46.71186066420429,19.0
1107,0,Atypical,click,Seeloewe,1009.0098362558,659192.5,7509,4492,3,2.3041289410322046,4.348,7.875,0.05263157894736842,0.0005339028296849973,-5.105,-9.414,-2.9530000000000003,-0.4339999999999993,149.56099999999998,17.0,3.7669999999999995,3.7669999999999995,1.0,0.17601902325040447,20.0,221.144,0.0,0.0,42.194,21.0,46.43150387400727,85.84442051756527,20.0
1107,1,Typical,click,Alligator,-172.841300461912,-92130.5,4569,4160,6,0.7861951424891941,4.45,7.72,1.0,0.0001318217769575534,-1.651,-11.46,3.199,-1.7800000000000011,145.1859,16.0,5.68,2.790000000000001,0.7916666666666666,2.046305650511986,22.0,255.92399999999998,4.0,14.643,48.59700000000001,18.0,75.12180909347863,53.99820243997104,18.0
1107,1,Typical,click,Chamaeleon,-105.055940985413,-59366.5,2421,1740,3,-0.32282587767080123,5.184,7.64,0.14285714285714285,0.00013747594171020073,-3.97,-11.42,-2.133,-3.9699999999999998,151.466,17.0,3.0470000000000015,2.112000000000001,1.0,0.32327882020439247,22.0,270.342,7.0,0.0,82.36999999999999,22.0,37.45162754661942,87.97747993854695,5.0
1107,1,Typical,click,Falke,287.754445085472,155756.5,1830,1470,2,-0.627961549418733,4.1,7.598,1.0,0.005917159763313609,-1.225,-7.05,6.791,5.500000000000001,140.834,17.0,0.0,0.0,0.041666666666666664,6.282913899443543,17.0,142.54299999999998,17.0,169.77300000000002,0.0,17.0,155.26518118772736,52.5185607843192,18.0
1107,1,Typical,click,Goldfisch,-65.1915286587352,-30163.0,1173,860,0,-0.9671732860319159,2.568,7.555,1.0,0.001451378809869376,-0.4539,-8.414,6.0731,3.2859999999999996,137.4658,17.0,0.3800000000000008,0.0,0.08333333333333333,5.254619675872444,18.0,162.2903,18.0,83.28269999999999,0.3800000000000008,19.0,130.99429335067194,65.66149375924455,19.0
1107,1,Typical,click,Hai,133.917978829122,90443.0,6070,1861,2,1.5611674661671051,3.463,7.656,0.5,0.0010214504596527069,-1.455,-8.75,6.6850000000000005,1.0549999999999997,146.10299999999998,17.0,0.0,0.0,0.041666666666666664,3.5044191848582944,19.0,170.33700000000002,18.0,66.883,0.0,19.0,115.92960434836164,32.52035186190416,19.0
1107,1,Typical,click,Hund,-116.249665217139,-67402.5,1021,620,1,-1.0456514960246157,4.71,7.824,0.07142857142857142,0.0003957261574990107,-4.895,-9.766,1.2930000000000001,-0.8559999999999999,145.851,16.0,0.9599999999999991,0.9599999999999991,0.75,0.2733185827431956,19.0,224.609,0.0,16.677,5.531000000000001,16.0,60.38654795132443,41.35746029182099,16.0
1107,1,Typical,click,Kaninchen,-101.248932883395,-33986.5,1229,820,1,-0.9382602612977633,5.434,7.836,0.07142857142857142,0.0005599104143337066,-4.344,-9.39,0.8319999999999999,2.51,142.117,16.0,0.0,0.0,0.041666666666666664,0.22004211053077194,22.0,223.166,0.0,67.84799999999998,0.0,0.0,66.49600405715856,42.205436002072055,1.0
1107,1,Typical,click,Katze,64.4280377675975,43987.0,2013,1580,2,-0.5334779150196272,5.355,7.812,0.1111111111111111,0.0004655493482309125,-4.63,-9.59,-0.06400000000000006,2.75,149.12400000000002,17.0,0.0,0.0,1.0,0.27924582434778517,22.0,223.119,0.0,61.901999999999994,0.06400000000000006,15.0,64.76828807422034,43.08931947855524,1.0
1107,1,Typical,click,Lachs,-62.216172745082,-16764.5,1669,1180,1,-0.7110864955294216,3.541,7.77,1.0,0.0009478672985781991,-1.035,-8.805,10.285,1.1550000000000011,144.0922,18.0,0.0,0.0,0.041666666666666664,6.089705803380613,17.0,161.35778,17.0,101.29222,0.0,18.0,183.51630680482114,40.1096654152545,18.0
1107,1,Typical,click,Loewe,63.5524990161209,36731.5,1581,1060,0,-0.7565212486830899,5.51,7.688,0.05,0.0002795638803466592,-5.027,-10.305,0.21499999999999986,-1.2889999999999997,152.458,17.0,2.63,2.63,0.9166666666666666,0.19016061941084472,20.0,230.844,0.0,0.8309999999999995,34.827,20.0,64.0926005884869,40.3879506035535,20.0
1107,1,Typical,click,Pferd,-93.3136819091447,-55690.0,1949,1180,0,-0.5665213718586587,4.496,7.67,0.022727272727272728,0.0003792188092529389,-6.055,-9.88,-0.12099999999999955,-2.243000000000001,147.17399999999998,17.0,3.4650000000000007,2.479000000000001,1.0,0.11968439300255372,20.0,227.091,0.0,0.3200000000000003,35.980000000000004,4.0,48.46719800578261,39.341101111093735,20.0
1107,1,Typical,click,Spatz,731.276419983431,386280.0,1917,1460,1,-0.5830431002781744,4.57,7.566,1.0,0.0055248618784530384,-1.347,-7.027,8.363000000000001,2.9330000000000007,144.0912,17.0,0.0,0.0,0.041666666666666664,6.366632781654495,17.0,141.23298,17.0,117.94501999999999,0.0,17.0,126.0473080182301,32.63877843707358,18.0
1107,1,Atypical,click,Aal,706.042546759362,243973.5,5382,1901,3,1.2059503051475162,4.24,7.477,1.0,0.0019011406844106464,-1.614,-8.125,5.753,3.359,144.142,17.0,0.0,0.0,0.041666666666666664,5.350612693200015,18.0,165.81730000000002,18.0,117.51970000000001,0.0,19.0,143.91418385457848,60.76871534313391,19.0
1107,1,Atypical,click,Fledermaus,-149.619311656495,-89752.0,4078,3260,3,0.5326898720522492,4.906,7.652,0.0018656716417910447,0.00028538812785388126,-8.734,-10.266,-5.031000000000001,-2.3259999999999996,165.516,16.0,0.0,0.0,1.0,0.013391970707803893,20.0,246.002,0.0,0.0,71.10400000000001,4.0,33.0876255149752,94.95394459707009,11.0
1107,1,Atypical,click,Pinguin,585.824915420836,275902.0,3557,1460,2,0.2636954812220082,3.906,7.797,1.0,0.00510204081632653,-1.1875,-7.18,1.3624999999999998,1.5999999999999996,145.61399999999998,17.0,0.0,0.0,0.041666666666666664,5.679021674422119,18.0,146.9875,17.0,33.1655,0.0,17.0,55.065940584902386,33.47984880766462,18.0
1107,1,Atypical,click,Schmetterling,963.252597128506,558148.0,5668,5348,1,1.3536132528969385,4.43,7.85,0.3333333333333333,0.002136752136752137,-2.312,-7.945,1.411,-0.47500000000000053,158.62099999999998,17.0,4.65,2.465,0.75,5.691326469022061,17.0,179.6365,16.0,10.327499999999999,28.194,4.0,82.81711961061038,45.56419321270815,20.0
1107,1,Atypical,click,Wal,-41.0738061564021,-25770.0,1670,1150,1,-0.7105701915163117,4.02,7.723,0.125,0.0005310674455655868,-4.82,-9.46,-3.5730000000000004,-0.5150000000000006,146.208,17.0,3.4582999999999995,3.4582999999999995,1.0,0.30788095004842325,22.0,217.32299999999998,0.0,0.0600000000000005,42.3699,21.0,39.597979746446654,83.76453221196577,20.0
1108,0,Atypical,touch,Pinguin,-23.0551949651204,-6711.0,1144,1054,1,0.7834773959554622,3.906,7.797,1.0,0.00510204081632653,-1.1875,-7.18,1.3624999999999998,1.5999999999999996,145.61399999999998,17.0,0.0,0.0,0.041666666666666664,5.679021674422119,18.0,146.9875,17.0,33.1655,0.0,17.0,55.065940584902386,33.47984880766462,18.0
1108,0,Atypical,touch,Wal,-77.8731057606027,-39400.0,710,540,1,-1.188007073696274,4.02,7.723,0.125,0.0005310674455655868,-4.82,-9.46,-3.5730000000000004,-0.5150000000000006,146.208,17.0,3.4582999999999995,3.4582999999999995,1.0,0.30788095004842325,22.0,217.32299999999998,0.0,0.0600000000000005,42.3699,21.0,39.597979746446654,83.76453221196577,20.0
1108,1,Typical,touch,Alligator,729.2795187345,478720.5,860,780,2,-0.5066184321115725,4.45,7.72,1.0,0.0001318217769575534,-1.651,-11.46,3.199,-1.7800000000000011,145.1859,16.0,5.68,2.790000000000001,0.7916666666666666,2.046305650511986,22.0,255.92399999999998,4.0,14.643,48.59700000000001,18.0,75.12180909347863,53.99820243997104,18.0
1108,1,Typical,touch,Chamaeleon,-23.4584625973524,-2398.0,1041,701,0,0.3155905287339672,5.184,7.64,0.14285714285714285,0.00013747594171020073,-3.97,-11.42,-2.133,-3.9699999999999998,151.466,17.0,3.0470000000000015,2.112000000000001,1.0,0.32327882020439247,22.0,270.342,7.0,0.0,82.36999999999999,22.0,37.45162754661942,87.97747993854695,5.0
1108,1,Typical,touch,Falke,-45.0689220122398,-21759.5,1000,830,0,0.1293443000341488,4.1,7.598,1.0,0.005917159763313609,-1.225,-7.05,6.791,5.500000000000001,140.834,17.0,0.0,0.0,0.041666666666666664,6.282913899443543,17.0,142.54299999999998,17.0,169.77300000000002,0.0,17.0,155.26518118772736,52.5185607843192,18.0
1108,1,Typical,touch,Goldfisch,25.7628481592049,15787.5,790,700,0,-0.8245997981844333,2.568,7.555,1.0,0.001451378809869376,-0.4539,-8.414,6.0731,3.2859999999999996,137.4658,17.0,0.3800000000000008,0.0,0.08333333333333333,5.254619675872444,18.0,162.2903,18.0,83.28269999999999,0.3800000000000008,19.0,130.99429335067194,65.66149375924455,19.0
1108,1,Typical,touch,Hai,195.12163343752,121999.5,1030,900,2,0.26562202835108906,3.463,7.656,0.5,0.0010214504596527069,-1.455,-8.75,6.6850000000000005,1.0549999999999997,146.10299999999998,17.0,0.0,0.0,0.041666666666666664,3.5044191848582944,19.0,170.33700000000002,18.0,66.883,0.0,19.0,115.92960434836164,32.52035186190416,19.0
1108,1,Typical,touch,Hund,-72.6302099600706,-47508.5,1197,620,1,1.0242347159820566,4.71,7.824,0.07142857142857142,0.0003957261574990107,-4.895,-9.766,1.2930000000000001,-0.8559999999999999,145.851,16.0,0.9599999999999991,0.9599999999999991,0.75,0.2733185827431956,19.0,224.609,0.0,16.677,5.531000000000001,16.0,60.38654795132443,41.35746029182099,16.0
1108,1,Typical,touch,Kaninchen,-40.6287712708549,-4410.0,950,820,1,-0.09778524716075171,5.434,7.836,0.07142857142857142,0.0005599104143337066,-4.344,-9.39,0.8319999999999999,2.51,142.117,16.0,0.0,0.0,0.041666666666666664,0.22004211053077194,22.0,223.166,0.0,67.84799999999998,0.0,0.0,66.49600405715856,42.205436002072055,1.0
1108,1,Typical,touch,Katze,-11.5419842095762,-2061.5,580,540,0,-1.7785438964030154,5.355,7.812,0.1111111111111111,0.0004655493482309125,-4.63,-9.59,-0.06400000000000006,2.75,149.12400000000002,17.0,0.0,0.0,1.0,0.27924582434778517,22.0,223.119,0.0,61.901999999999994,0.06400000000000006,15.0,64.76828807422034,43.08931947855524,1.0
1108,1,Typical,touch,Klapperschlange,646.18651156368,321201.5,1566,1270,5,2.7004507742804225,4.68,7.582,0.14285714285714285,9.127418765972983e-05,-4.254,-12.266,1.883,-0.5960000000000001,159.38500000000002,17.0,6.5600000000000005,1.8800000000000008,0.7916666666666666,0.3341395210556347,22.0,272.101,17.0,8.696000000000002,39.196,19.0,57.67892111225579,46.71186066420429,19.0
1108,1,Typical,touch,Lachs,671.704231314209,400408.5,1040,540,1,0.3110479377900692,3.541,7.77,1.0,0.0009478672985781991,-1.035,-8.805,10.285,1.1550000000000011,144.0922,18.0,0.0,0.0,0.041666666666666664,6.089705803380613,17.0,161.35778,17.0,101.29222,0.0,18.0,183.51630680482114,40.1096654152545,18.0
1108,1,Typical,touch,Loewe,-18.4854944271922,-6019.5,830,740,1,-0.6428961604285128,5.51,7.688,0.05,0.0002795638803466592,-5.027,-10.305,0.21499999999999986,-1.2889999999999997,152.458,17.0,2.63,2.63,0.9166666666666666,0.19016061941084472,20.0,230.844,0.0,0.8309999999999995,34.827,20.0,64.0926005884869,40.3879506035535,20.0
1108,1,Typical,touch,Pferd,-24.9553770563331,-1017.5,711,621,0,-1.183464482752376,4.496,7.67,0.022727272727272728,0.0003792188092529389,-6.055,-9.88,-0.12099999999999955,-2.243000000000001,147.17399999999998,17.0,3.4650000000000007,2.479000000000001,1.0,0.11968439300255372,20.0,227.091,0.0,0.3200000000000003,35.980000000000004,4.0,48.46719800578261,39.341101111093735,20.0
1108,1,Typical,touch,Spatz,70.035700024904,23937.0,830,710,0,-0.6428961604285128,4.57,7.566,1.0,0.0055248618784530384,-1.347,-7.027,8.363000000000001,2.9330000000000007,144.0912,17.0,0.0,0.0,0.041666666666666664,6.366632781654495,17.0,141.23298,17.0,117.94501999999999,0.0,17.0,126.0473080182301,32.63877843707358,18.0
1108,1,Atypical,touch,Aal,84.7860374373089,18869.0,1020,700,1,0.22019611891210897,4.24,7.477,1.0,0.0019011406844106464,-1.614,-8.125,5.753,3.359,144.142,17.0,0.0,0.0,0.041666666666666664,5.350612693200015,18.0,165.81730000000002,18.0,117.51970000000001,0.0,19.0,143.91418385457848,60.76871534313391,19.0
1108,1,Atypical,touch,Fledermaus,-44.6007253069064,-21667.5,920,710,0,-0.234062975477692,4.906,7.652,0.0018656716417910447,0.00028538812785388126,-8.734,-10.266,-5.031000000000001,-2.3259999999999996,165.516,16.0,0.0,0.0,1.0,0.013391970707803893,20.0,246.002,0.0,0.0,71.10400000000001,4.0,33.0876255149752,94.95394459707009,11.0
1108,1,Atypical,touch,Schmetterling,637.558896553354,265206.0,1120,1030,3,0.6744552133019099,4.43,7.85,0.3333333333333333,0.002136752136752137,-2.312,-7.945,1.411,-0.47500000000000053,158.62099999999998,17.0,4.65,2.465,0.75,5.691326469022061,17.0,179.6365,16.0,10.327499999999999,28.194,4.0,82.81711961061038,45.56419321270815,20.0
1108,1,Atypical,touch,Seeloewe,40.9151483732248,22654.5,1120,900,0,0.6744552133019099,4.348,7.875,0.05263157894736842,0.0005339028296849973,-5.105,-9.414,-2.9530000000000003,-0.4339999999999993,149.56099999999998,17.0,3.7669999999999995,3.7669999999999995,1.0,0.17601902325040447,20.0,221.144,0.0,0.0,42.194,21.0,46.43150387400727,85.84442051756527,20.0
